1010.000 0.003
1020.000 0.086
1030.000 11.366
1040.000 11.366
1050.000 11.557
1060.000 11.776
1070.000 11.776
1080.000 12.023
1090.000 12.296
1100.000 12.296
1110.000 12.588
1120.000 12.903
1130.000 12.903
1140.000 13.232
1150.000 13.574
1160.000 13.574
1170.000 13.929
1180.000 14.294
1190.000 14.294
1200.000 14.664
1210.000 14.664
1220.000 15.046
1230.000 15.432
1240.000 15.432
1250.000 15.828
1260.000 16.215
1270.000 16.215
1280.000 16.606
1290.000 17.005
1300.000 17.005
1310.000 17.394
1320.000 17.394
1330.000 17.791
1340.000 18.177
1350.000 18.177
1360.000 18.570
1370.000 18.953
1380.000 18.953
1390.000 19.335
1400.000 19.334
1410.000 19.715
1420.000 20.087
1430.000 20.087
1440.000 20.460
1450.000 20.824
1460.000 20.824
1470.000 21.184
1480.000 21.538
1490.000 21.538
1500.000 21.884
1510.000 22.229
1520.000 22.229
1530.000 22.561
1540.000 22.891
1550.000 22.891
1560.000 23.213
1570.000 23.525
1580.000 23.525
1590.000 23.831
1600.000 23.831
1610.000 24.133
1620.000 24.133
1630.000 24.422
1640.000 24.707
1650.000 24.707
1660.000 24.982
1670.000 25.248
1680.000 25.248
1690.000 25.504
1700.000 25.754
1710.000 25.754
1720.000 25.992
1730.000 26.246
1740.000 26.246
1750.000 26.467
1760.000 26.467
1770.000 26.676
1780.000 26.877
1790.000 26.876
1800.000 27.068
1810.000 27.249
1820.000 27.249
1830.000 27.425
1840.000 27.583
1850.000 27.583
1860.000 27.739
1870.000 27.882
1880.000 27.882
1890.000 28.015
1900.000 28.141
1910.000 28.141
1920.000 28.255
1930.000 28.362
1940.000 28.362
1950.000 28.362
1960.000 28.462
1970.000 28.547
1980.000 28.547
1990.000 28.630
2000.000 28.700
2010.000 28.700
2020.000 28.760
2030.000 28.817
2040.000 28.817
2050.000 28.866
2060.000 28.903
2070.000 28.903
2080.000 28.936
2090.000 28.959
2100.000 28.959
2110.000 28.975
2120.000 28.987
2130.000 28.987
2140.000 28.993
2150.000 28.993
2160.000 28.990
2170.000 28.982
2180.000 28.982
2190.000 28.969
2200.000 28.951
2210.000 28.951
2220.000 28.928
2230.000 28.899
2240.000 28.899
2250.000 28.866
2260.000 28.829
2270.000 28.829
2280.000 28.786
2290.000 28.786
2300.000 28.743
2310.000 28.695
2320.000 28.695
2330.000 28.642
2340.000 28.589
2350.000 28.589
2360.000 28.529
2370.000 28.529
2380.000 28.469
2390.000 28.407
2400.000 28.407
2410.000 28.343
2420.000 28.278
2430.000 28.278
2440.000 28.210
2450.000 28.139
2460.000 28.139
2470.000 28.070
2480.000 27.995
2490.000 27.995
2500.000 27.922
2510.000 27.849
2520.000 27.849
2530.000 27.773
2540.000 27.697
2550.000 27.697
2560.000 27.622
2570.000 27.622
2580.000 27.547
2590.000 27.547
2600.000 27.470
2610.000 27.393
2620.000 27.393
2630.000 27.317
2640.000 27.242
2650.000 27.242
2660.000 27.167
2670.000 27.092
2680.000 27.092
2690.000 27.016
2700.000 26.941
2710.000 26.941
2720.000 26.865
2730.000 26.794
2740.000 26.793
2750.000 26.721
2760.000 26.721
2770.000 26.651
2780.000 26.578
2790.000 26.578
2800.000 26.508
2810.000 26.439
2820.000 26.439
2830.000 26.371
2840.000 26.306
2850.000 26.306
2860.000 26.240
2870.000 26.176
2880.000 26.176
2890.000 26.112
2900.000 26.049
2910.000 26.049
2920.000 25.986
2930.000 25.986
2940.000 25.930
2950.000 25.872
2960.000 25.872
2970.000 25.812
2980.000 25.812
2990.000 25.757
3000.000 25.703
3010.000 25.703
3020.000 25.649
3030.000 25.596
3040.000 25.596
3050.000 25.547
3060.000 25.497
3070.000 25.497
3080.000 25.450
3090.000 25.404
3100.000 25.404
3110.000 25.359
3120.000 25.314
3130.000 25.314
3140.000 25.271
3150.000 25.232
3160.000 25.232
3170.000 25.194
3180.000 25.194
3190.000 25.155
3200.000 25.118
3210.000 25.118
3220.000 25.080
3230.000 25.080
3240.000 25.044
3250.000 25.014
3260.000 25.014
3270.000 24.982
3280.000 24.951
3290.000 24.951
3300.000 24.921
3310.000 24.921
3320.000 24.895
3330.000 24.872
3340.000 24.872
3350.000 24.848
3360.000 24.824
3370.000 24.824
3380.000 24.804
3390.000 24.783
3400.000 24.783
3410.000 24.766
3420.000 24.747
3430.000 24.747
3440.000 24.731
3450.000 24.716
3460.000 24.716
3470.000 24.702
3480.000 24.689
3490.000 24.689
3500.000 24.681
3510.000 24.681
3520.000 24.670
3530.000 24.670
3540.000 24.660
3550.000 24.656
3560.000 24.655
3570.000 24.647
3580.000 24.644
3590.000 24.644
3600.000 24.640
3610.000 24.635
3620.000 24.635
3630.000 24.636
3640.000 24.637
3650.000 24.637
3660.000 24.636
3670.000 24.639
3680.000 24.639
3690.000 24.643
3700.000 24.649
3710.000 24.649
3720.000 24.652
3730.000 24.652
3740.000 24.659
3750.000 24.667
3760.000 24.667
3770.000 24.677
3780.000 24.685
3790.000 24.685
3800.000 24.698
3810.000 24.711
3820.000 24.711
3830.000 24.721
3840.000 24.738
3850.000 24.738
3860.000 24.754
3870.000 24.754
3880.000 24.766
3890.000 24.786
3900.000 24.785
3910.000 24.802
3920.000 24.820
3930.000 24.820
3940.000 24.845
3950.000 24.845
3960.000 24.864
3970.000 24.888
3980.000 24.888
3990.000 24.910
4000.000 24.933
4010.000 24.933
4020.000 24.960
4030.000 24.983
4040.000 24.983
4050.000 25.010
4060.000 25.041
4070.000 25.041
4080.000 25.067
4090.000 25.095
4100.000 25.095
4110.000 25.126
4120.000 25.155
4130.000 25.155
4140.000 25.189
4150.000 25.189
4160.000 25.221
4170.000 25.255
4180.000 25.255
4190.000 25.289
4200.000 25.288
4210.000 25.325
4220.000 25.361
4230.000 25.361
4240.000 25.397
4250.000 25.434
4260.000 25.434
4270.000 25.472
4280.000 25.511
4290.000 25.511
4300.000 25.550
4310.000 25.593
4320.000 25.593
4330.000 25.633
4340.000 25.633
4350.000 25.675
4360.000 25.717
4370.000 25.717
4380.000 25.761
4390.000 25.805
4400.000 25.805
4410.000 25.849
4420.000 25.897
4430.000 25.897
4440.000 25.942
4450.000 25.991
4460.000 25.990
4470.000 26.038
4480.000 26.085
4490.000 26.085
4500.000 26.133
4510.000 26.133
4520.000 26.182
4530.000 26.232
4540.000 26.232
4550.000 26.283
4560.000 26.283
4570.000 26.333
4580.000 26.386
4590.000 26.385
4600.000 26.441
4610.000 26.493
4620.000 26.493
4630.000 26.547
4640.000 26.600
4650.000 26.600
4660.000 26.654
4670.000 26.711
4680.000 26.711
4690.000 26.766
4700.000 26.824
4710.000 26.831
4720.000 26.889
4730.000 26.889
4740.000 26.945
4750.000 27.005
4760.000 27.005
4770.000 27.062
4780.000 27.122
4790.000 27.122
4800.000 27.183
4810.000 27.242
4820.000 27.242
4830.000 27.304
4840.000 27.304
4850.000 27.363
4860.000 27.426
4870.000 27.426
4880.000 27.490
4890.000 27.489
4900.000 27.551
4910.000 27.613
4920.000 27.613
4930.000 27.677
4940.000 27.742
4950.000 27.742
4960.000 27.806
4970.000 27.872
4980.000 27.872
4990.000 27.937
5000.000 28.001
5010.000 28.001
5020.000 28.070
5030.000 28.135
5040.000 28.135
5050.000 28.202
5060.000 28.269
5070.000 28.269
5080.000 28.338
5090.000 28.338
5100.000 28.406
5110.000 28.472
5120.000 28.472
5130.000 28.540
5140.000 28.540
5150.000 28.612
5160.000 28.681
5170.000 28.681
5180.000 28.752
5190.000 28.824
5200.000 28.824
5210.000 28.891
5220.000 28.965
5230.000 28.965
5240.000 29.034
5250.000 29.108
5260.000 29.108
5270.000 29.181
5280.000 29.251
5290.000 29.251
5300.000 29.325
5310.000 29.325
5320.000 29.397
5330.000 29.470
5340.000 29.470
5350.000 29.545
5360.000 29.618
5370.000 29.618
5380.000 29.690
5390.000 29.766
5400.000 29.766
5410.000 29.840
5420.000 29.915
5430.000 29.915
5440.000 29.990
5450.000 29.990
5460.000 30.065
5470.000 30.141
5480.000 30.141
5490.000 30.217
5500.000 30.217
5510.000 30.291
5520.000 30.368
5530.000 30.368
5540.000 30.443
5550.000 30.520
5560.000 30.520
5570.000 30.598
5580.000 30.674
5590.000 30.674
5600.000 30.750
5610.000 30.828
5620.000 30.828
5630.000 30.905
5640.000 30.984
5650.000 30.984
5660.000 31.060
5670.000 31.137
5680.000 31.137
5690.000 31.215
5700.000 31.295
5710.000 31.295
5720.000 31.372
5730.000 31.372
5740.000 31.451
5750.000 31.450
5760.000 31.530
5770.000 31.608
5780.000 31.608
5790.000 31.689
5800.000 31.767
5810.000 31.767
5820.000 31.844
5830.000 31.925
5840.000 31.925
5850.000 32.001
5860.000 32.077
5870.000 32.077
5880.000 32.156
5890.000 32.237
5900.000 32.237
5910.000 32.318
5920.000 32.318
5930.000 32.398
5940.000 32.478
5950.000 32.478
5960.000 32.558
5970.000 32.637
5980.000 32.637
5990.000 32.716
6000.000 32.796
6010.000 32.796
6020.000 32.875
6030.000 32.954
6040.000 32.954
6050.000 33.035
6060.000 33.110
6070.000 33.110
6080.000 33.193
6090.000 33.193
6100.000 33.273
6110.000 33.348
6120.000 33.348
6130.000 33.430
6140.000 33.429
6150.000 33.509
6160.000 33.587
6170.000 33.587
6180.000 33.668
6190.000 33.756
6200.000 33.756
6210.000 33.835
6220.000 33.915
6230.000 33.915
6240.000 33.993
6250.000 33.993
6260.000 34.070
6270.000 34.149
6280.000 34.149
6290.000 34.227
6300.000 34.306
6310.000 34.306
6320.000 34.383
6330.000 34.462
6340.000 34.462
6350.000 34.541
6360.000 34.618
6370.000 34.618
6380.000 34.696
6390.000 34.696
6400.000 34.772
6410.000 34.850
6420.000 34.850
6430.000 34.927
6440.000 35.007
6450.000 35.007
6460.000 35.081
6470.000 35.081
6480.000 35.159
6490.000 35.235
6500.000 35.235
6510.000 35.311
6520.000 35.389
6530.000 35.389
6540.000 35.464
6550.000 35.539
6560.000 35.539
6570.000 35.615
6580.000 35.689
6590.000 35.689
6600.000 35.767
6610.000 35.840
6620.000 35.839
6630.000 35.912
6640.000 35.989
6650.000 35.989
6660.000 36.062
6670.000 36.062
6680.000 36.136
6690.000 36.213
6700.000 36.213
6710.000 36.284
6720.000 36.284
6730.000 36.356
6740.000 36.432
6750.000 36.432
6760.000 36.502
6770.000 36.578
6780.000 36.578
6790.000 36.648
6800.000 36.719
6810.000 36.719
6820.000 36.794
6830.000 36.861
6840.000 36.861
6850.000 36.934
6860.000 37.001
6870.000 37.001
6880.000 37.073
6890.000 37.073
6900.000 37.143
6910.000 37.213
6920.000 37.213
6930.000 37.282
6940.000 37.351
6950.000 37.351
6960.000 37.419
6970.000 37.488
6980.000 37.488
6990.000 37.555
7000.000 37.623
7010.000 37.623
7020.000 37.688
7030.000 37.688
7040.000 37.758
7050.000 37.821
7060.000 37.821
7070.000 37.887
7080.000 37.887
7090.000 37.956
7100.000 38.016
7110.000 38.016
7120.000 38.085
7130.000 38.149
7140.000 38.149
7150.000 38.211
7160.000 38.277
7170.000 38.277
7180.000 38.340
7190.000 38.403
7200.000 38.403
7210.000 38.466
7220.000 38.528
7230.000 38.528
7240.000 38.591
7250.000 38.652
7260.000 38.652
7270.000 38.711
7280.000 38.711
7290.000 38.771
7300.000 38.829
7310.000 38.829
7320.000 38.890
7330.000 38.953
7340.000 38.953
7350.000 39.009
7360.000 39.009
7370.000 39.066
7380.000 39.125
7390.000 39.125
7400.000 39.180
7410.000 39.236
7420.000 39.236
7430.000 39.293
7440.000 39.350
7450.000 39.350
7460.000 39.404
7470.000 39.461
7480.000 39.461
7490.000 39.513
7500.000 39.513
7510.000 39.569
7520.000 39.624
7530.000 39.624
7540.000 39.674
7550.000 39.730
7560.000 39.730
7570.000 39.778
7580.000 39.830
7590.000 39.830
7600.000 39.883
7610.000 39.933
7620.000 39.933
7630.000 39.983
7640.000 40.032
7650.000 40.032
7660.000 40.082
7670.000 40.132
7680.000 40.138
7690.000 40.184
7700.000 40.184
7710.000 40.231
7720.000 40.231
7730.000 40.281
7740.000 40.325
7750.000 40.325
7760.000 40.374
7770.000 40.415
7780.000 40.415
7790.000 40.467
7800.000 40.503
7810.000 40.503
7820.000 40.553
7830.000 40.553
7840.000 40.591
7850.000 40.640
7860.000 40.640
7870.000 40.680
7880.000 40.723
7890.000 40.723
7900.000 40.765
7910.000 40.805
7920.000 40.805
7930.000 40.846
7940.000 40.887
7950.000 40.887
7960.000 40.924
7970.000 40.964
7980.000 40.964
7990.000 41.002
8000.000 41.040
8010.000 41.040
8020.000 41.078
8030.000 41.078
8040.000 41.116
8050.000 41.116
8060.000 41.149
8070.000 41.185
8080.000 41.185
8090.000 41.220
8100.000 41.257
8110.000 41.257
8120.000 41.290
8130.000 41.323
8140.000 41.323
8150.000 41.358
8160.000 41.389
8170.000 41.389
8180.000 41.421
8190.000 41.454
8200.000 41.454
8210.000 41.486
8220.000 41.515
8230.000 41.515
8240.000 41.546
8250.000 41.546
8260.000 41.574
8270.000 41.602
8280.000 41.602
8290.000 41.632
8300.000 41.659
8310.000 41.659
8320.000 41.689
8330.000 41.689
8340.000 41.715
8350.000 41.740
8360.000 41.740
8370.000 41.768
8380.000 41.794
8390.000 41.794
8400.000 41.816
8410.000 41.836
8420.000 41.835
8430.000 41.862
8440.000 41.862
8450.000 41.887
8460.000 41.914
8470.000 41.914
8480.000 41.933
8490.000 41.955
8500.000 41.955
8510.000 41.977
8520.000 41.997
8530.000 41.997
8540.000 42.018
8550.000 42.040
8560.000 42.040
8570.000 42.057
8580.000 42.078
8590.000 42.078
8600.000 42.095
8610.000 42.111
8620.000 42.111
8630.000 42.130
8640.000 42.146
8650.000 42.146
8660.000 42.146
8670.000 42.162
8680.000 42.181
8690.000 42.181
8700.000 42.195
8710.000 42.208
8720.000 42.208
8730.000 42.224
8740.000 42.235
8750.000 42.235
8760.000 42.251
8770.000 42.261
8780.000 42.261
8790.000 42.274
8800.000 42.289
8810.000 42.289
8820.000 42.298
8830.000 42.310
8840.000 42.310
8850.000 42.322
8860.000 42.322
8870.000 42.330
8880.000 42.340
8890.000 42.340
8900.000 42.349
8910.000 42.358
8920.000 42.358
8930.000 42.368
8940.000 42.373
8950.000 42.373
8960.000 42.382
8970.000 42.390
8980.000 42.390
8990.000 42.393
9000.000 42.393
9010.000 42.402
9020.000 42.407
9030.000 42.407
9040.000 42.410
9050.000 42.415
9060.000 42.415
9070.000 42.422
9080.000 42.422
9090.000 42.424
9100.000 42.429
9110.000 42.428
9120.000 42.430
9130.000 42.431
9140.000 42.431
9150.000 42.438
9160.000 42.436
9170.000 42.436
9180.000 42.439
9190.000 42.439
9200.000 42.439
9210.000 42.438
9220.000 42.438
9230.000 42.439
9240.000 42.440
9250.000 42.440
9260.000 42.438
9270.000 42.439
9280.000 42.439
9290.000 42.435
9300.000 42.435
9310.000 42.432
9320.000 42.432
9330.000 42.432
9340.000 42.426
9350.000 42.425
9360.000 42.425
9370.000 42.423
9380.000 42.416
9390.000 42.416
9400.000 42.413
9410.000 42.413
9420.000 42.406
9430.000 42.401
9440.000 42.401
9450.000 42.396
9460.000 42.392
9470.000 42.392
9480.000 42.380
9490.000 42.375
9500.000 42.375
9510.000 42.369
9520.000 42.362
9530.000 42.362
9540.000 42.354
9550.000 42.345
9560.000 42.345
9570.000 42.339
9580.000 42.328
9590.000 42.328
9600.000 42.319
9610.000 42.319
9620.000 42.312
9630.000 42.312
9640.000 42.298
9650.000 42.289
9660.000 42.289
9670.000 42.280
9680.000 42.265
9690.000 42.265
9700.000 42.255
9710.000 42.244
9720.000 42.244
9730.000 42.229
9740.000 42.211
9750.000 42.211
9760.000 42.200
9770.000 42.202
9780.000 42.202
9790.000 42.195
9800.000 42.168
9810.000 42.168
9820.000 42.151
9830.000 42.151
9840.000 42.139
9850.000 42.123
9860.000 42.123
9870.000 42.110
9880.000 42.095
9890.000 42.095
9900.000 42.076
9910.000 42.076
9920.000 42.066
9930.000 42.046
9940.000 42.046
9950.000 42.028
9960.000 42.015
9970.000 42.015
9980.000 41.995
9990.000 41.977
10000.000 41.977
