1010.000 1.331
1020.000 1.319
1030.000 27.439
1040.000 27.895
1050.000 27.895
1060.000 28.422
1070.000 28.422
1080.000 29.020
1090.000 29.766
1100.000 29.766
1110.000 30.479
1120.000 30.479
1130.000 31.242
1140.000 32.043
1150.000 32.042
1160.000 32.874
1170.000 33.735
1180.000 33.735
1190.000 34.622
1200.000 34.622
1210.000 35.523
1220.000 36.446
1230.000 36.445
1240.000 37.377
1250.000 38.317
1260.000 38.317
1270.000 39.261
1280.000 40.209
1290.000 40.209
1300.000 41.159
1310.000 42.109
1320.000 42.109
1330.000 43.054
1340.000 43.998
1350.000 43.998
1360.000 44.933
1370.000 45.861
1380.000 45.861
1390.000 46.782
1400.000 46.781
1410.000 47.694
1420.000 47.694
1430.000 48.595
1440.000 49.488
1450.000 50.363
1460.000 50.363
1470.000 51.228
1480.000 51.228
1490.000 52.080
1500.000 52.915
1510.000 52.915
1520.000 53.741
1530.000 54.542
1540.000 54.542
1550.000 55.333
1560.000 56.107
1570.000 56.107
1580.000 56.857
1590.000 57.595
1600.000 57.595
1610.000 58.313
1620.000 58.313
1630.000 59.011
1640.000 59.692
1650.000 59.692
1660.000 60.348
1670.000 60.984
1680.000 60.984
1690.000 61.601
1700.000 62.196
1710.000 62.195
1720.000 62.766
1730.000 63.322
1740.000 63.322
1750.000 63.848
1760.000 63.848
1770.000 64.352
1780.000 64.838
1790.000 64.838
1800.000 65.294
1810.000 65.294
1820.000 65.734
1830.000 66.152
1840.000 66.152
1850.000 66.539
1860.000 66.909
1870.000 66.909
1880.000 67.253
1890.000 67.571
1900.000 67.571
1910.000 67.875
1920.000 68.148
1930.000 68.148
1940.000 68.405
1950.000 68.642
1960.000 68.642
1970.000 68.851
1980.000 69.045
1990.000 69.045
2000.000 69.214
2010.000 69.214
2020.000 69.364
2030.000 69.497
2040.000 69.497
2050.000 69.607
2060.000 69.607
2070.000 69.702
2080.000 69.778
2090.000 69.836
2100.000 69.836
2110.000 69.877
2120.000 69.877
2130.000 69.903
2140.000 69.911
2150.000 69.911
2160.000 69.906
2170.000 69.890
2180.000 69.890
2190.000 69.855
2200.000 69.808
2210.000 69.808
2220.000 69.753
2230.000 69.753
2240.000 69.680
2250.000 69.602
2260.000 69.602
2270.000 69.514
2280.000 69.413
2290.000 69.413
2300.000 69.309
2310.000 69.186
2320.000 69.186
2330.000 69.061
2340.000 68.929
2350.000 68.929
2360.000 68.789
2370.000 68.645
2380.000 68.645
2390.000 68.494
2400.000 68.338
2410.000 68.338
2420.000 68.338
2430.000 68.179
2440.000 68.014
2450.000 68.014
2460.000 67.844
2470.000 67.673
2480.000 67.673
2490.000 67.497
2500.000 67.320
2510.000 67.320
2520.000 67.145
2530.000 66.963
2540.000 66.963
2550.000 66.779
2560.000 66.599
2570.000 66.599
2580.000 66.391
2590.000 66.391
2600.000 66.208
2610.000 66.023
2620.000 66.023
2630.000 65.838
2640.000 65.658
2650.000 65.658
2660.000 65.472
2670.000 65.290
2680.000 65.290
2690.000 65.114
2700.000 64.931
2710.000 64.931
2720.000 64.754
2730.000 64.754
2740.000 64.577
2750.000 64.402
2760.000 64.402
2770.000 64.230
2780.000 64.229
2790.000 64.060
2800.000 63.893
2810.000 63.893
2820.000 63.726
2830.000 63.561
2840.000 63.561
2850.000 63.401
2860.000 63.246
2870.000 63.246
2880.000 63.089
2890.000 62.937
2900.000 62.937
2910.000 62.788
2920.000 62.639
2930.000 62.639
2940.000 62.498
2950.000 62.356
2960.000 62.356
2970.000 62.216
2980.000 62.216
2990.000 62.085
3000.000 61.952
3010.000 61.952
3020.000 61.823
3030.000 61.703
3040.000 61.703
3050.000 61.578
3060.000 61.578
3070.000 61.461
3080.000 61.348
3090.000 61.348
3100.000 61.235
3110.000 61.128
3120.000 61.128
3130.000 61.024
3140.000 60.920
3150.000 60.920
3160.000 60.823
3170.000 60.823
3180.000 60.730
3190.000 60.637
3200.000 60.637
3210.000 60.550
3220.000 60.468
3230.000 60.468
3240.000 60.386
3250.000 60.311
3260.000 60.311
3270.000 60.232
3280.000 60.163
3290.000 60.163
3300.000 60.094
3310.000 60.029
3320.000 60.029
3330.000 59.968
3340.000 59.912
3350.000 59.912
3360.000 59.856
3370.000 59.856
3380.000 59.806
3390.000 59.806
3400.000 59.756
3410.000 59.713
3420.000 59.713
3430.000 59.675
3440.000 59.634
3450.000 59.634
3460.000 59.597
3470.000 59.566
3480.000 59.566
3490.000 59.533
3500.000 59.511
3510.000 59.510
3520.000 59.488
3530.000 59.466
3540.000 59.466
3550.000 59.448
3560.000 59.435
3570.000 59.435
3580.000 59.424
3590.000 59.424
3600.000 59.416
3610.000 59.408
3620.000 59.408
3630.000 59.408
3640.000 59.407
3650.000 59.407
3660.000 59.406
3670.000 59.414
3680.000 59.414
3690.000 59.423
3700.000 59.423
3710.000 59.434
3720.000 59.449
3730.000 59.449
3740.000 59.463
3750.000 59.485
3760.000 59.485
3770.000 59.506
3780.000 59.529
3790.000 59.529
3800.000 59.557
3810.000 59.557
3820.000 59.585
3830.000 59.616
3840.000 59.616
3850.000 59.653
3860.000 59.688
3870.000 59.688
3880.000 59.728
3890.000 59.769
3900.000 59.769
3910.000 59.808
3920.000 59.854
3930.000 59.854
3940.000 59.909
3950.000 59.959
3960.000 59.959
3970.000 60.014
3980.000 60.069
3990.000 60.069
4000.000 60.069
4010.000 60.125
4020.000 60.186
4030.000 60.186
4040.000 60.247
4050.000 60.310
4060.000 60.310
4070.000 60.388
4080.000 60.455
4090.000 60.455
4100.000 60.526
4110.000 60.598
4120.000 60.597
4130.000 60.673
4140.000 60.673
4150.000 60.752
4160.000 60.830
4170.000 60.830
4180.000 60.911
4190.000 60.997
4200.000 60.996
4210.000 61.078
4220.000 61.167
4230.000 61.167
4240.000 61.257
4250.000 61.346
4260.000 61.346
4270.000 61.438
4280.000 61.535
4290.000 61.534
4300.000 61.627
4310.000 61.728
4320.000 61.728
4330.000 61.828
4340.000 61.828
4350.000 61.929
4360.000 61.929
4370.000 62.032
4380.000 62.138
4390.000 62.138
4400.000 62.243
4410.000 62.355
4420.000 62.355
4430.000 62.463
4440.000 62.574
4450.000 62.574
4460.000 62.687
4470.000 62.802
4480.000 62.802
4490.000 62.920
4500.000 63.039
4510.000 63.039
4520.000 63.154
4530.000 63.278
4540.000 63.278
4550.000 63.400
4560.000 63.400
4570.000 63.523
4580.000 63.649
4590.000 63.649
4600.000 63.776
4610.000 63.902
4620.000 63.902
4630.000 64.034
4640.000 64.034
4650.000 64.165
4660.000 64.299
4670.000 64.299
4680.000 64.433
4690.000 64.567
4700.000 64.567
4710.000 64.706
4720.000 64.844
4730.000 64.844
4740.000 64.981
4750.000 64.981
4760.000 65.123
4770.000 65.264
4780.000 65.264
4790.000 65.409
4800.000 65.552
4810.000 65.552
4820.000 65.697
4830.000 65.844
4840.000 65.844
4850.000 65.991
4860.000 66.138
4870.000 66.138
4880.000 66.291
4890.000 66.443
4900.000 66.443
4910.000 66.594
4920.000 66.751
4930.000 66.751
4940.000 66.902
4950.000 66.902
4960.000 67.060
4970.000 67.060
4980.000 67.217
4990.000 67.373
5000.000 67.373
