1010.000 0.007
1020.000 0.007
1030.000 27.337
1040.000 27.683
1050.000 27.683
1060.000 28.186
1070.000 28.754
1080.000 28.754
1090.000 29.380
1100.000 30.062
1110.000 30.062
1120.000 30.806
1130.000 31.582
1140.000 31.582
1150.000 32.398
1160.000 33.238
1170.000 33.238
1180.000 34.117
1190.000 35.010
1200.000 35.010
1210.000 35.921
1220.000 35.921
1230.000 36.846
1240.000 37.781
1250.000 37.781
1260.000 38.725
1270.000 39.671
1280.000 39.671
1290.000 40.618
1300.000 41.569
1310.000 41.569
1320.000 42.518
1330.000 42.518
1340.000 43.461
1350.000 44.402
1360.000 44.401
1370.000 45.334
1380.000 46.261
1390.000 46.261
1400.000 47.179
1410.000 48.084
1420.000 48.084
1430.000 48.982
1440.000 48.982
1450.000 49.868
1460.000 50.739
1470.000 50.739
1480.000 51.600
1490.000 52.444
1500.000 52.444
1510.000 53.273
1520.000 54.091
1530.000 54.091
1540.000 54.889
1550.000 55.670
1560.000 55.670
1570.000 56.435
1580.000 57.178
1590.000 57.178
1600.000 57.910
1610.000 58.618
1620.000 58.618
1630.000 58.618
1640.000 59.306
1650.000 59.977
1660.000 59.976
1670.000 60.626
1680.000 61.252
1690.000 61.252
1700.000 61.862
1710.000 62.445
1720.000 62.445
1730.000 63.009
1740.000 63.551
1750.000 63.551
1760.000 64.068
1770.000 64.567
1780.000 64.567
1790.000 65.037
1800.000 65.488
1810.000 65.488
1820.000 65.918
1830.000 65.918
1840.000 66.320
1850.000 66.700
1860.000 66.700
1870.000 67.061
1880.000 67.392
1890.000 67.392
1900.000 67.705
1910.000 67.997
1920.000 67.997
1930.000 68.262
1940.000 68.262
1950.000 68.510
1960.000 68.735
1970.000 68.735
1980.000 68.933
1990.000 69.118
2000.000 69.118
2010.000 69.280
2020.000 69.423
2030.000 69.423
2040.000 69.546
2050.000 69.546
2060.000 69.648
2070.000 69.737
2080.000 69.737
2090.000 69.805
2100.000 69.851
2110.000 69.851
2120.000 69.889
2130.000 69.908
2140.000 69.908
2150.000 69.910
2160.000 69.901
2170.000 69.901
2180.000 69.876
2190.000 69.838
2200.000 69.838
2210.000 69.787
2220.000 69.722
2230.000 69.722
2240.000 69.650
2250.000 69.650
2260.000 69.556
2270.000 69.556
2280.000 69.459
2290.000 69.354
2300.000 69.354
2310.000 69.241
2320.000 69.118
2330.000 69.118
2340.000 68.989
2350.000 68.854
2360.000 68.854
2370.000 68.712
2380.000 68.712
2390.000 68.567
2400.000 68.408
2410.000 68.408
2420.000 68.248
2430.000 68.089
2440.000 68.089
2450.000 67.919
2460.000 67.752
2470.000 67.752
2480.000 67.579
2490.000 67.399
2500.000 67.399
2510.000 67.226
2520.000 67.044
2530.000 67.044
2540.000 66.861
2550.000 66.682
2560.000 66.682
2570.000 66.495
2580.000 66.495
2590.000 66.314
2600.000 66.130
2610.000 66.130
2620.000 65.944
2630.000 65.944
2640.000 65.760
2650.000 65.578
2660.000 65.578
2670.000 65.395
2680.000 65.216
2690.000 65.216
2700.000 65.034
2710.000 64.855
2720.000 64.855
2730.000 64.678
2740.000 64.501
2750.000 64.501
2760.000 64.327
2770.000 64.157
2780.000 64.157
2790.000 63.985
2800.000 63.985
2810.000 63.820
2820.000 63.655
2830.000 63.655
2840.000 63.491
2850.000 63.333
2860.000 63.333
2870.000 63.176
2880.000 63.020
2890.000 63.020
2900.000 62.871
2910.000 62.871
2920.000 62.723
2930.000 62.580
2940.000 62.580
2950.000 62.437
2960.000 62.296
2970.000 62.296
2980.000 62.159
2990.000 62.029
3000.000 62.029
3010.000 61.896
3020.000 61.896
3030.000 61.773
3040.000 61.651
3050.000 61.651
3060.000 61.527
3070.000 61.413
3080.000 61.412
3090.000 61.296
3100.000 61.186
3110.000 61.186
3120.000 61.083
3130.000 60.978
3140.000 60.978
3150.000 60.878
3160.000 60.783
3170.000 60.783
3180.000 60.689
3190.000 60.601
3200.000 60.601
3210.000 60.514
3220.000 60.514
3230.000 60.433
3240.000 60.433
3250.000 60.352
3260.000 60.276
3270.000 60.276
3280.000 60.201
3290.000 60.134
3300.000 60.134
3310.000 60.066
3320.000 60.005
3330.000 60.005
3340.000 59.946
3350.000 59.886
3360.000 59.886
3370.000 59.835
3380.000 59.787
3390.000 59.787
3400.000 59.739
3410.000 59.739
3420.000 59.698
3430.000 59.654
3440.000 59.654
3450.000 59.618
3460.000 59.583
3470.000 59.583
3480.000 59.553
3490.000 59.523
3500.000 59.523
3510.000 59.502
3520.000 59.478
3530.000 59.478
3540.000 59.459
3550.000 59.459
3560.000 59.441
3570.000 59.428
3580.000 59.428
3590.000 59.419
3600.000 59.411
3610.000 59.411
3620.000 59.407
3630.000 59.407
3640.000 59.407
3650.000 59.407
3660.000 59.407
3670.000 59.410
3680.000 59.418
3690.000 59.418
3700.000 59.427
3710.000 59.442
3720.000 59.442
3730.000 59.457
3740.000 59.476
3750.000 59.476
3760.000 59.496
3770.000 59.495
3780.000 59.519
3790.000 59.543
3800.000 59.543
3810.000 59.574
3820.000 59.602
3830.000 59.602
3840.000 59.635
3850.000 59.673
3860.000 59.672
3870.000 59.706
3880.000 59.748
3890.000 59.748
3900.000 59.798
3910.000 59.798
3920.000 59.833
3930.000 59.888
3940.000 59.888
3950.000 59.937
3960.000 59.937
3970.000 59.987
3980.000 60.045
3990.000 60.045
4000.000 60.100
4010.000 60.159
4020.000 60.159
4030.000 60.218
4040.000 60.280
4050.000 60.280
4060.000 60.350
4070.000 60.417
4080.000 60.417
4090.000 60.485
4100.000 60.557
4110.000 60.557
4120.000 60.632
4130.000 60.705
4140.000 60.705
4150.000 60.785
4160.000 60.785
4170.000 60.865
4180.000 60.947
4190.000 60.947
4200.000 61.034
4210.000 61.118
4220.000 61.118
4230.000 61.205
4240.000 61.205
4250.000 61.296
4260.000 61.385
4270.000 61.385
4280.000 61.483
4290.000 61.575
4300.000 61.575
4310.000 61.670
4320.000 61.771
4330.000 61.771
4340.000 61.872
4350.000 61.974
4360.000 61.974
4370.000 62.080
4380.000 62.079
4390.000 62.181
4400.000 62.291
4410.000 62.291
4420.000 62.401
4430.000 62.509
4440.000 62.509
4450.000 62.625
4460.000 62.738
4470.000 62.738
4480.000 62.853
4490.000 62.971
4500.000 62.971
4510.000 63.087
4520.000 63.087
4530.000 63.206
4540.000 63.333
4550.000 63.333
4560.000 63.454
4570.000 63.454
4580.000 63.581
4590.000 63.706
4600.000 63.706
4610.000 63.831
4620.000 63.964
4630.000 63.963
4640.000 64.092
4650.000 64.225
4660.000 64.225
4670.000 64.356
4680.000 64.490
4690.000 64.490
4700.000 64.626
4710.000 64.766
4720.000 64.766
4730.000 64.901
4740.000 65.042
4750.000 65.042
4760.000 65.186
4770.000 65.186
4780.000 65.325
4790.000 65.471
4800.000 65.471
4810.000 65.617
4820.000 65.764
4830.000 65.764
4840.000 65.910
4850.000 66.056
4860.000 66.056
4870.000 66.206
4880.000 66.206
4890.000 66.358
4900.000 66.506
4910.000 66.506
4920.000 66.660
4930.000 66.817
4940.000 66.816
4950.000 66.969
4960.000 67.127
4970.000 67.127
4980.000 67.286
4990.000 67.286
5000.000 67.443
