1010.000 0.009
1020.000 1.304
1030.000 27.432
1040.000 27.432
1050.000 27.895
1060.000 28.426
1070.000 28.426
1080.000 29.028
1090.000 29.684
1100.000 29.684
1110.000 30.388
1120.000 31.153
1130.000 31.153
1140.000 31.953
1150.000 32.776
1160.000 32.776
1170.000 33.630
1180.000 33.630
1190.000 34.517
1200.000 35.418
1210.000 35.418
1220.000 36.336
1230.000 37.264
1240.000 37.264
1250.000 38.204
1260.000 38.204
1270.000 39.149
1280.000 40.098
1290.000 40.098
1300.000 41.047
1310.000 41.999
1320.000 41.999
1330.000 42.942
1340.000 43.887
1350.000 43.887
1360.000 44.824
1370.000 45.753
1380.000 45.753
1390.000 46.677
1400.000 46.676
1410.000 47.586
1420.000 48.491
1430.000 48.491
1440.000 49.383
1450.000 50.258
1460.000 50.258
1470.000 51.126
1480.000 51.980
1490.000 51.980
1500.000 52.818
1510.000 53.643
1520.000 53.643
1530.000 54.451
1540.000 55.240
1550.000 55.240
1560.000 56.016
1570.000 56.773
1580.000 56.772
1590.000 57.512
1600.000 57.512
1610.000 58.231
1620.000 58.231
1630.000 58.929
1640.000 59.610
1650.000 59.610
1660.000 60.274
1670.000 60.910
1680.000 60.910
1690.000 61.533
1700.000 62.130
1710.000 62.130
1720.000 62.701
1730.000 63.256
1740.000 63.256
1750.000 63.785
1760.000 64.296
1770.000 64.296
1780.000 64.781
1790.000 64.780
1800.000 65.244
1810.000 65.683
1820.000 65.683
1830.000 66.103
1840.000 66.496
1850.000 66.496
1860.000 66.865
1870.000 67.217
1880.000 67.217
1890.000 67.535
1900.000 67.843
1910.000 67.843
1920.000 68.120
1930.000 68.120
1940.000 68.376
1950.000 68.619
1960.000 68.618
1970.000 68.828
1980.000 69.023
1990.000 69.023
2000.000 69.197
2010.000 69.197
2020.000 69.348
2030.000 69.481
2040.000 69.481
2050.000 69.599
2060.000 69.693
2070.000 69.693
2080.000 69.772
2090.000 69.829
2100.000 69.829
2110.000 69.873
2120.000 69.902
2130.000 69.902
2140.000 69.913
2150.000 69.908
2160.000 69.908
2170.000 69.892
2180.000 69.860
2190.000 69.860
2200.000 69.816
2210.000 69.816
2220.000 69.763
2230.000 69.693
2240.000 69.693
2250.000 69.615
2260.000 69.615
2270.000 69.526
2280.000 69.425
2290.000 69.425
2300.000 69.319
2310.000 69.203
2320.000 69.203
2330.000 69.078
2340.000 68.947
2350.000 68.947
2360.000 68.792
2370.000 68.792
2380.000 68.648
2390.000 68.495
2400.000 68.495
2410.000 68.337
2420.000 68.179
2430.000 68.179
2440.000 68.016
2450.000 67.844
2460.000 67.844
2470.000 67.676
2480.000 67.500
2490.000 67.500
2500.000 67.322
2510.000 67.148
2520.000 67.148
2530.000 66.962
2540.000 66.962
2550.000 66.781
2560.000 66.781
2570.000 66.599
2580.000 66.415
2590.000 66.415
2600.000 66.234
2610.000 66.047
2620.000 66.047
2630.000 65.861
2640.000 65.681
2650.000 65.680
2660.000 65.497
2670.000 65.313
2680.000 65.313
2690.000 65.136
2700.000 64.954
2710.000 64.954
2720.000 64.776
2730.000 64.600
2740.000 64.600
2750.000 64.423
2760.000 64.423
2770.000 64.252
2780.000 64.082
2790.000 64.082
2800.000 63.911
2810.000 63.747
2820.000 63.747
2830.000 63.582
2840.000 63.421
2850.000 63.421
2860.000 63.266
2870.000 63.266
2880.000 63.105
2890.000 62.953
2900.000 62.953
2910.000 62.807
2920.000 62.657
2930.000 62.657
2940.000 62.513
2950.000 62.513
2960.000 62.373
2970.000 62.234
2980.000 62.234
2990.000 62.102
3000.000 61.970
3010.000 61.970
3020.000 61.841
3030.000 61.716
3040.000 61.716
3050.000 61.595
3060.000 61.477
3070.000 61.477
3080.000 61.363
3090.000 61.248
3100.000 61.248
3110.000 61.142
3120.000 61.039
3130.000 61.038
3140.000 60.932
3150.000 60.932
3160.000 60.837
3170.000 60.741
3180.000 60.741
3190.000 60.651
3200.000 60.564
3210.000 60.564
3220.000 60.476
3230.000 60.476
3240.000 60.396
3250.000 60.319
3260.000 60.319
3270.000 60.244
3280.000 60.175
3290.000 60.175
3300.000 60.107
3310.000 60.038
3320.000 60.038
3330.000 59.979
3340.000 59.920
3350.000 59.920
3360.000 59.868
3370.000 59.868
3380.000 59.816
3390.000 59.763
3400.000 59.763
3410.000 59.719
3420.000 59.680
3430.000 59.680
3440.000 59.638
3450.000 59.604
3460.000 59.604
3470.000 59.571
3480.000 59.539
3490.000 59.539
3500.000 59.515
3510.000 59.514
3520.000 59.488
3530.000 59.469
3540.000 59.469
3550.000 59.454
3560.000 59.436
3570.000 59.436
3580.000 59.428
3590.000 59.428
3600.000 59.418
3610.000 59.409
3620.000 59.409
3630.000 59.411
3640.000 59.410
3650.000 59.410
3660.000 59.411
3670.000 59.419
3680.000 59.419
3690.000 59.423
3700.000 59.433
3710.000 59.433
3720.000 59.450
3730.000 59.462
3740.000 59.462
3750.000 59.481
3760.000 59.505
3770.000 59.505
3780.000 59.526
3790.000 59.526
3800.000 59.555
3810.000 59.584
3820.000 59.584
3830.000 59.615
3840.000 59.615
3850.000 59.656
3860.000 59.689
3870.000 59.689
3880.000 59.727
3890.000 59.769
3900.000 59.769
3910.000 59.808
3920.000 59.808
3930.000 59.856
3940.000 59.910
3950.000 59.910
3960.000 59.962
3970.000 60.013
3980.000 60.013
3990.000 60.068
4000.000 60.127
4010.000 60.127
4020.000 60.188
4030.000 60.247
4040.000 60.247
4050.000 60.313
4060.000 60.380
4070.000 60.380
4080.000 60.447
4090.000 60.521
4100.000 60.521
4110.000 60.592
4120.000 60.592
4130.000 60.667
4140.000 60.667
4150.000 60.745
4160.000 60.821
4170.000 60.821
4180.000 60.904
4190.000 60.984
4200.000 60.983
4210.000 61.070
4220.000 61.157
4230.000 61.157
4240.000 61.248
4250.000 61.336
4260.000 61.336
4270.000 61.427
4280.000 61.524
4290.000 61.524
4300.000 61.618
4310.000 61.718
4320.000 61.718
4330.000 61.816
4340.000 61.816
4350.000 61.917
4360.000 62.020
4370.000 62.020
4380.000 62.126
4390.000 62.231
4400.000 62.231
4410.000 62.340
4420.000 62.449
4430.000 62.449
4440.000 62.559
4450.000 62.559
4460.000 62.675
4470.000 62.788
4480.000 62.788
4490.000 62.905
4500.000 63.026
4510.000 63.026
4520.000 63.141
4530.000 63.141
4540.000 63.262
4550.000 63.387
4560.000 63.387
4570.000 63.509
4580.000 63.637
4590.000 63.637
4600.000 63.764
4610.000 63.893
4620.000 63.893
4630.000 64.022
4640.000 64.151
4650.000 64.151
4660.000 64.286
4670.000 64.420
4680.000 64.420
4690.000 64.554
4700.000 64.693
4710.000 64.693
4720.000 64.826
4730.000 64.826
4740.000 64.965
4750.000 65.108
4760.000 65.108
4770.000 65.248
4780.000 65.248
4790.000 65.391
4800.000 65.537
4810.000 65.537
4820.000 65.679
4830.000 65.826
4840.000 65.826
4850.000 65.978
4860.000 66.123
4870.000 66.123
4880.000 66.276
4890.000 66.424
4900.000 66.424
4910.000 66.577
4920.000 66.733
4930.000 66.733
4940.000 66.887
4950.000 66.887
4960.000 67.043
4970.000 67.201
4980.000 67.201
4990.000 67.356
5000.000 67.516
