$SPEC_ID:
No sample description was entered.
$SPEC_REM:
DET# 1
DETDESC# PRAK01 Easy-MCA-2k SN 15071856
AP# Maestro Version 7.01
$DATE_MEA:
02/25/2002 23:17:33
$MEAS_TIM:
100 100
$DATA:
0 511
       0
       0
       0
       0
       0
       0
       0
       0
       0
       0
       0
       0
       0
       0
       0
       0
       0
       0
       3
      71
      95
      77
     107
     113
     123
      97
     102
     122
     117
     110
     101
     124
     118
     116
     117
     105
     127
     129
     114
     129
     125
     135
     142
     128
     158
     117
     103
     138
     117
     137
     113
     131
      97
     114
     113
      96
      93
     109
     111
     107
     119
     122
     109
     107
      82
     106
      97
     104
     112
     105
     117
     108
     108
     103
     110
     110
     103
      83
     104
      77
      92
     103
     102
     107
     109
     117
     119
     114
     105
      95
     108
      84
      77
      74
      85
      71
      63
      51
      50
      50
      41
      42
      43
      37
      46
      34
      32
      48
      43
      36
      35
      42
      32
      40
      40
      37
      43
      37
      69
      52
      78
     115
     134
     211
     269
     353
     446
     556
     625
     727
     732
     682
     624
     559
     471
     327
     239
     151
      97
      55
      34
       8
       6
       3
       3
       1
       2
       1
       1
       1
       2
       2
       3
       2
       4
       1
       0
       3
       1
       2
       0
       1
       5
       0
       0
       0
       1
       2
       4
       1
       3
       2
       1
       1
       3
       0
       0
       1
       2
       0
       2
       3
       4
       0
       0
       1
       3
       2
       2
       2
       1
       1
       1
       0
       3
       1
       1
       2
       3
       1
       1
       1
       1
       0
       1
       3
       1
       1
       0
       4
       1
       0
       1
       1
       1
       1
       1
       0
       2
       0
       0
       0
       2
       5
       0
       0
       0
       0
       2
       0
       1
       0
       1
       1
       1
       0
       0
       1
       1
       0
       0
       2
       1
       1
       0
       2
       0
       0
       1
       2
       1
       0
       0
       0
       1
       0
       1
       0
       0
       2
       2
       0
       0
       1
       2
       0
       0
       0
       0
       1
       1
       3
       1
       2
       0
       2
       2
       0
       3
       1
       1
       1
       0
       1
       1
       0
       1
       0
       0
       1
       0
       0
       0
       1
       1
       0
       0
       0
       0
       0
       1
       0
       0
       0
       0
       0
       0
       2
       0
       0
       1
       1
       0
       0
       0
       0
       0
       0
       0
       0
       0
       0
       0
       0
       0
       1
       1
       0
       0
       0
       0
       0
       0
       0
       0
       1
       1
       1
       0
       0
       0
       0
       0
       0
       0
       1
       0
       0
       0
       0
       0
       0
       0
       0
       0
       0
       0
       0
       0
       0
       1
       0
       0
       0
       0
       0
       0
       0
       0
       1
       0
       0
       1
       0
       0
       0
       0
       0
       0
       0
       0
       0
       0
       0
       1
       0
       0
       0
       0
       0
       0
       0
       0
       0
       0
       0
       0
       0
       1
       0
       0
       0
       0
       0
       0
       0
       1
       0
       0
       0
       0
       2
       0
       1
       0
       0
       0
       1
       0
       0
       0
       0
       0
       0
       0
       0
       0
       0
       0
       0
       1
       0
       0
       0
       0
       0
       0
       0
       0
       0
       0
       0
       0
       0
       0
       0
       0
       0
       0
       0
       0
       0
       0
       0
       0
       0
       0
       0
       0
       0
       1
       0
       0
       0
       0
       0
       0
       0
       0
       0
       0
       0
       0
       1
       0
       0
       0
       0
       0
       0
       0
       0
       0
       0
       0
       0
       0
       0
       0
       0
       0
       0
       0
       0
       0
       0
       0
       0
       0
       0
       0
       0
       0
       0
       0
       0
       0
       0
       0
       0
       0
       0
$ROI:
1
120 139
$PRESETS:
Live Time
100
0
$ENER_FIT:
0.000000 0.000000
$MCA_CAL:
3
0.000000E+000 0.000000E+000 0.000000E+000 
$SHAPE_CAL:
3
0.000000E+000 0.000000E+000 0.000000E+000
