$SPEC_ID:
No sample description was entered.
$SPEC_REM:
DET# 1
DETDESC# PRAK01 Easy-MCA-2k SN 15071856
AP# Maestro Version 7.01
$DATE_MEA:
02/25/2002 23:29:30
$MEAS_TIM:
100 100
$DATA:
0 511
       0
       0
       0
       0
       0
       0
       0
       0
       0
       0
       0
       0
       0
       0
       0
       0
       0
       0
       2
      31
      52
      50
      45
      59
      65
      63
      65
      66
      70
      65
      75
      65
      91
      62
      70
      86
      67
      84
      69
      79
      92
      72
      67
      79
      71
      59
      66
      66
      60
      68
      52
      68
      69
      63
      78
      65
      61
      50
      64
      82
      64
      50
      64
      59
      53
      55
      52
      44
      54
      46
      51
      42
      37
      49
      58
      66
      65
      51
      64
      58
      53
      62
      61
      34
      64
      60
      63
      56
      45
      52
      44
      44
      49
      40
      44
      32
      25
      23
      30
      27
      30
      26
      22
      14
      22
      22
      19
      32
      22
      25
      25
      27
      20
      26
      18
      22
      34
      26
      31
      30
      45
      66
      79
      97
     137
     182
     260
     253
     323
     335
     313
     309
     307
     257
     201
     148
      94
      56
      39
      23
      18
      12
       0
       4
       1
       1
       1
       2
       2
       0
       1
       2
       2
       4
       5
       3
       3
       2
       2
       2
       1
       2
       2
       4
       2
       0
       2
       0
       0
       2
       0
       1
       4
       3
       0
       2
       2
       7
       0
       0
       2
       1
       1
       0
       2
       0
       1
       2
       2
       0
       1
       2
       0
       2
       1
       3
       1
       4
       1
       1
       2
       3
       4
       0
       2
       1
       2
       1
       1
       0
       0
       1
       1
       1
       0
       2
       2
       1
       0
       3
       1
       0
       0
       0
       0
       0
       0
       3
       2
       2
       0
       0
       2
       1
       0
       0
       1
       0
       1
       1
       0
       0
       0
       0
       1
       2
       2
       0
       0
       0
       0
       1
       1
       0
       0
       1
       2
       0
       0
       0
       1
       1
       0
       1
       1
       2
       5
       1
       1
       3
       2
       1
       2
       2
       4
       1
       0
       0
       0
       0
       0
       1
       0
       0
       0
       0
       0
       0
       0
       0
       1
       1
       1
       0
       0
       0
       1
       0
       0
       1
       2
       0
       0
       1
       1
       1
       0
       0
       0
       0
       0
       0
       1
       0
       1
       0
       0
       0
       0
       0
       0
       0
       0
       0
       0
       0
       1
       0
       0
       0
       3
       0
       0
       0
       0
       0
       0
       1
       1
       1
       0
       0
       0
       0
       0
       0
       0
       0
       0
       0
       0
       1
       1
       0
       0
       0
       1
       0
       0
       0
       0
       0
       1
       0
       0
       0
       0
       0
       1
       1
       0
       0
       0
       0
       0
       0
       0
       0
       0
       0
       0
       0
       0
       0
       1
       0
       0
       0
       0
       0
       0
       2
       0
       0
       0
       0
       0
       0
       0
       0
       0
       0
       0
       0
       0
       1
       0
       0
       0
       2
       0
       0
       0
       0
       1
       0
       1
       0
       0
       0
       0
       1
       0
       0
       0
       0
       0
       0
       0
       1
       0
       0
       0
       0
       0
       0
       0
       0
       0
       0
       0
       0
       0
       0
       0
       0
       0
       0
       0
       0
       1
       0
       0
       0
       0
       0
       0
       0
       0
       1
       0
       0
       0
       0
       0
       0
       0
       0
       0
       0
       0
       0
       0
       0
       0
       0
       0
       1
       0
       0
       0
       0
       0
       0
       0
       0
       0
       0
       0
       0
       0
       0
       0
       0
       0
       0
       0
       0
       0
       0
       0
       0
       0
       0
       0
       0
       0
       0
       0
       0
       0
       0
$ROI:
1
120 139
$PRESETS:
Live Time
100
0
$ENER_FIT:
0.000000 0.000000
$MCA_CAL:
3
0.000000E+000 0.000000E+000 0.000000E+000 
$SHAPE_CAL:
3
0.000000E+000 0.000000E+000 0.000000E+000
