$SPEC_ID:
No sample description was entered.
$SPEC_REM:
DET# 1
DETDESC# PRAK01 Easy-MCA-2k SN 15071856
AP# Maestro Version 7.01
$DATE_MEA:
02/25/2002 23:35:14
$MEAS_TIM:
100 100
$DATA:
0 511
       0
       0
       0
       0
       0
       0
       0
       0
       0
       0
       0
       0
       0
       0
       0
       0
       0
       0
       3
      33
      50
      45
      49
      63
      50
      65
      81
      76
      55
      72
      59
      67
      98
      61
      75
      77
      83
      94
      87
      89
      87
      85
      82
      76
      88
      80
      84
      75
      72
      90
      71
      73
      82
      69
      67
      62
      63
      51
      67
      58
      64
      58
      53
      63
      54
      65
      82
      52
      47
      46
      59
      56
      46
      76
      70
      64
      62
      46
      43
      46
      66
      52
      60
      57
      53
      63
      63
      49
      57
      54
      50
      45
      57
      48
      42
      26
      30
      40
      20
      32
      32
      23
      26
      24
      30
      16
      26
      21
      26
      29
      19
      28
      20
      26
      27
      31
      33
      37
      34
      35
      42
      65
     102
     113
     151
     209
     254
     291
     326
     348
     367
     386
     286
     276
     221
     167
     101
      69
      53
      18
      14
      12
      12
       5
       0
       2
       2
       1
       1
       2
       3
       4
       1
       2
       3
       2
       1
       0
       1
       3
       2
       0
       1
       2
       2
       4
       2
       2
       1
       1
       0
       4
       3
       0
       1
       0
       1
       2
       4
       4
       1
       1
       3
       2
       0
       0
       2
       1
       3
       1
       0
       1
       3
       1
       2
       1
       2
       0
       1
       0
       3
       0
       1
       3
       4
       1
       2
       1
       1
       1
       2
       1
       1
       1
       0
       2
       0
       1
       0
       2
       1
       1
       0
       1
       1
       4
       1
       0
       1
       1
       2
       0
       2
       1
       0
       1
       1
       0
       0
       0
       2
       0
       0
       1
       0
       1
       0
       0
       0
       2
       1
       0
       0
       1
       0
       1
       1
       1
       1
       1
       0
       1
       2
       1
       0
       3
       0
       2
       4
       3
       2
       1
       1
       2
       1
       1
       3
       2
       1
       1
       0
       1
       1
       0
       0
       0
       0
       0
       0
       3
       0
       1
       0
       0
       0
       0
       0
       0
       0
       1
       1
       1
       0
       0
       0
       0
       0
       0
       0
       0
       0
       0
       0
       0
       0
       0
       1
       2
       1
       0
       1
       0
       1
       0
       1
       1
       1
       0
       0
       1
       1
       0
       0
       0
       0
       1
       0
       1
       0
       0
       0
       1
       0
       0
       0
       1
       0
       1
       0
       1
       0
       2
       0
       1
       0
       0
       0
       0
       1
       0
       0
       0
       0
       0
       0
       0
       0
       0
       0
       0
       0
       0
       0
       0
       0
       0
       0
       0
       1
       0
       0
       0
       0
       0
       0
       0
       0
       1
       0
       0
       0
       0
       0
       0
       1
       2
       2
       0
       0
       0
       0
       0
       0
       0
       0
       1
       1
       0
       0
       0
       0
       0
       0
       0
       0
       0
       0
       0
       0
       0
       0
       0
       0
       0
       0
       0
       1
       1
       0
       0
       0
       0
       0
       0
       0
       0
       1
       0
       0
       0
       0
       0
       0
       0
       0
       0
       0
       0
       0
       0
       0
       0
       0
       0
       0
       0
       0
       0
       0
       1
       0
       0
       0
       0
       0
       0
       0
       0
       0
       0
       0
       0
       1
       0
       0
       0
       1
       0
       1
       0
       0
       0
       0
       0
       1
       0
       0
       0
       0
       0
       0
       0
       0
       0
       0
       0
       0
       0
       0
       0
       0
       0
       0
       0
       0
       0
       0
       0
       0
       0
       0
       0
$ROI:
1
120 139
$PRESETS:
Live Time
100
0
$ENER_FIT:
0.000000 0.000000
$MCA_CAL:
3
0.000000E+000 0.000000E+000 0.000000E+000 
$SHAPE_CAL:
3
0.000000E+000 0.000000E+000 0.000000E+000
