$SPEC_ID:
No sample description was entered.
$SPEC_REM:
DET# 1
DETDESC# PRAK01 Easy-MCA-2k SN 15071856
AP# Maestro Version 7.01
$DATE_MEA:
02/25/2002 23:45:57
$MEAS_TIM:
100 100
$DATA:
0 511
       0
       0
       0
       0
       0
       0
       0
       0
       0
       0
       0
       0
       0
       0
       0
       0
       0
       0
       0
      42
      43
      52
      57
      51
      52
      47
      79
      70
      74
      66
      91
      68
      83
      72
      75
      78
      80
      76
      76
      75
      64
      77
      81
      73
      95
      79
      83
      73
      78
      65
      65
      59
      62
      80
      72
      58
      63
      67
      53
      83
      58
      81
      85
      56
      66
      47
      62
      51
      48
      56
      44
      63
      63
      56
      54
      47
      41
      57
      48
      56
      58
      66
      31
      52
      58
      56
      54
      50
      39
      54
      48
      37
      43
      43
      39
      37
      37
      27
      33
      31
      29
      18
      19
      19
      22
      23
      23
      30
      21
      15
      23
      21
      26
      26
      23
      25
      27
      28
      26
      28
      38
      61
      84
     106
     153
     184
     259
     289
     333
     341
     338
     347
     320
     247
     186
     153
      88
      62
      36
      14
      16
      10
       9
       5
       6
       1
       0
       2
       3
       0
       0
       0
       4
       3
       2
       1
       0
       2
       1
       1
       0
       2
       1
       4
       1
       4
       2
       6
       0
       4
       1
       2
       2
       5
       2
       2
       1
       1
       0
       1
       3
       2
       3
       1
       2
       2
       1
       0
       1
       0
       0
       4
       2
       0
       1
       1
       3
       1
       6
       1
       2
       0
       2
       0
       2
       0
       3
       1
       2
       2
       2
       2
       1
       1
       2
       0
       2
       0
       1
       3
       1
       2
       1
       1
       0
       1
       1
       0
       0
       0
       1
       4
       2
       0
       1
       2
       0
       3
       0
       0
       0
       0
       0
       1
       1
       0
       0
       1
       0
       0
       2
       0
       1
       1
       1
       1
       2
       0
       0
       1
       1
       1
       3
       0
       2
       2
       1
       1
       3
       3
       2
       1
       2
       2
       0
       0
       1
       2
       1
       0
       1
       0
       1
       2
       0
       1
       0
       0
       0
       0
       1
       0
       1
       0
       0
       1
       1
       0
       0
       1
       0
       0
       0
       0
       0
       0
       0
       0
       0
       1
       0
       0
       0
       1
       0
       0
       0
       0
       0
       0
       0
       0
       0
       0
       0
       0
       0
       1
       0
       1
       0
       0
       0
       0
       1
       1
       0
       1
       0
       0
       0
       0
       0
       0
       1
       0
       0
       0
       0
       0
       0
       1
       0
       0
       1
       0
       0
       0
       0
       1
       0
       0
       0
       0
       2
       0
       0
       0
       0
       0
       1
       1
       0
       0
       0
       0
       0
       0
       0
       0
       1
       0
       1
       0
       0
       0
       0
       0
       0
       0
       0
       1
       0
       1
       0
       0
       0
       0
       0
       0
       1
       1
       0
       0
       0
       0
       0
       1
       0
       0
       0
       0
       0
       0
       0
       0
       0
       0
       0
       0
       0
       0
       0
       0
       0
       0
       0
       0
       1
       0
       0
       0
       0
       0
       0
       0
       0
       0
       0
       0
       0
       0
       1
       0
       0
       1
       0
       1
       0
       0
       0
       0
       0
       0
       1
       0
       0
       0
       0
       0
       0
       1
       0
       0
       0
       0
       0
       0
       1
       0
       0
       0
       1
       0
       0
       0
       0
       0
       0
       0
       0
       0
       0
       1
       0
       0
       0
       0
       0
       0
       0
       0
       0
       0
       0
       0
       0
       0
       0
       0
       0
       0
       0
       0
       0
       0
       0
       0
       0
       0
       0
       0
$ROI:
1
120 139
$PRESETS:
Live Time
100
0
$ENER_FIT:
0.000000 0.000000
$MCA_CAL:
3
0.000000E+000 0.000000E+000 0.000000E+000 
$SHAPE_CAL:
3
0.000000E+000 0.000000E+000 0.000000E+000
