$SPEC_ID:
No sample description was entered.
$SPEC_REM:
DET# 1
DETDESC# PRAK01 Easy-MCA-2k SN 15071856
AP# Maestro Version 7.01
$DATE_MEA:
02/25/2002 23:40:47
$MEAS_TIM:
100 100
$DATA:
0 511
       0
       0
       0
       0
       0
       0
       0
       0
       0
       0
       0
       0
       0
       0
       0
       0
       0
       0
       3
      85
     113
     111
     118
      99
     110
     126
     119
     116
     136
     128
     143
     126
     147
     155
     136
     134
     136
     159
     146
     146
     164
     153
     155
     161
     172
     156
     138
     130
     166
     166
     151
     127
     155
     148
     126
     129
     146
     125
     127
     122
     129
     122
     111
     132
     112
     126
     141
     142
     136
     107
     133
     158
     119
      98
     125
     129
     116
     113
     123
     130
     148
     109
     147
     130
     141
     138
     101
     108
     143
     129
     112
     120
     105
      94
      92
      78
      82
      63
      66
      58
      56
      66
      41
      54
      52
      43
      45
      33
      42
      46
      52
      54
      62
      49
      32
      63
      67
      54
      56
      79
      98
     121
     161
     265
     342
     455
     568
     706
     805
     814
     874
     849
     706
     648
     489
     374
     252
     156
     135
      51
      31
      16
       5
       2
       1
       4
       2
       1
       2
       5
       1
       1
       3
       0
       4
       0
       2
       2
       2
       3
       0
       2
       4
       1
       1
       0
       0
       4
       0
       0
       2
       3
       3
       1
       1
       1
       2
       1
       3
       1
       2
       0
       0
       3
       3
       4
       2
       3
       3
       1
       0
       1
       1
       0
       0
       1
       2
       2
       2
       2
       1
       3
       3
       1
       1
       1
       2
       2
       3
       2
       0
       2
       2
       0
       3
       1
       0
       0
       3
       2
       1
       2
       1
       3
       0
       2
       0
       1
       2
       0
       3
       2
       1
       2
       0
       0
       0
       1
       1
       2
       0
       1
       0
       0
       1
       0
       2
       0
       0
       1
       0
       1
       0
       0
       0
       0
       1
       1
       0
       3
       2
       2
       3
       3
       1
       0
       2
       1
       1
       1
       1
       1
       2
       0
       3
       1
       3
       1
       1
       0
       2
       0
       2
       2
       1
       2
       0
       1
       0
       0
       3
       0
       0
       0
       0
       1
       0
       0
       1
       1
       1
       1
       0
       0
       0
       0
       2
       3
       0
       1
       0
       0
       0
       0
       0
       0
       0
       1
       0
       0
       0
       0
       0
       0
       1
       0
       0
       0
       0
       0
       0
       0
       2
       0
       0
       0
       0
       0
       0
       0
       0
       0
       0
       1
       0
       0
       0
       0
       0
       0
       1
       1
       0
       0
       0
       0
       1
       0
       0
       1
       1
       0
       0
       0
       0
       0
       0
       0
       0
       1
       1
       0
       0
       0
       0
       0
       0
       1
       0
       0
       0
       0
       0
       0
       0
       0
       0
       2
       0
       0
       0
       0
       0
       0
       0
       0
       0
       1
       0
       0
       1
       0
       0
       1
       0
       1
       0
       0
       1
       0
       0
       0
       0
       0
       0
       0
       0
       1
       1
       1
       0
       0
       1
       0
       0
       1
       1
       0
       0
       0
       0
       0
       0
       0
       0
       0
       0
       0
       0
       0
       0
       0
       0
       0
       0
       0
       0
       0
       0
       0
       0
       1
       0
       1
       0
       1
       0
       0
       1
       0
       0
       0
       0
       0
       0
       0
       0
       0
       0
       0
       0
       0
       0
       0
       0
       0
       0
       0
       0
       0
       1
       0
       0
       0
       0
       0
       0
       0
       0
       0
       0
       0
       0
       0
       0
       0
       0
       0
       0
       0
       0
       0
       0
       0
       0
       0
       0
       0
       0
       0
       0
       0
$ROI:
1
120 139
$PRESETS:
Live Time
100
0
$ENER_FIT:
0.000000 0.000000
$MCA_CAL:
3
0.000000E+000 0.000000E+000 0.000000E+000 
$SHAPE_CAL:
3
0.000000E+000 0.000000E+000 0.000000E+000
