$SPEC_ID:
No sample description was entered.
$SPEC_REM:
DET# 1
DETDESC# PRAK01 Easy-MCA-2k SN 15071856
AP# Maestro Version 7.01
$DATE_MEA:
02/25/2002 23:43:26
$MEAS_TIM:
100 100
$DATA:
0 511
       0
       0
       0
       0
       0
       0
       0
       0
       0
       0
       0
       0
       0
       0
       0
       0
       0
       0
       0
      88
     110
     144
      97
     102
     116
     127
     104
     142
     121
     142
     146
     152
     141
     152
     151
     141
     139
     152
     143
     134
     148
     176
     143
     159
     144
     144
     131
     133
     140
     147
     149
     141
     175
     137
     143
     127
     130
     123
     145
     142
     146
     100
     145
     121
     124
     125
     137
     127
     115
     141
     110
     120
     132
     118
     133
     104
     111
     117
     123
     116
     108
     141
     120
     130
     126
     137
     126
     126
     113
     122
     114
     113
     100
     101
      74
      72
      71
      63
      57
      52
      56
      56
      48
      37
      59
      41
      38
      55
      43
      34
      50
      54
      54
      46
      45
      53
      56
      61
      67
      84
     101
     141
     203
     245
     358
     515
     599
     726
     882
     932
     889
     966
     793
     667
     489
     365
     256
     167
      92
      68
      27
      13
      11
       2
       3
       0
       4
       5
       2
       0
       1
       3
       2
       4
       1
       0
       5
       4
       3
       1
       3
       3
       5
       1
       0
       1
       0
       2
       3
       8
       0
       3
       4
       2
       0
       2
       0
       2
       2
       1
       2
       0
       1
       1
       4
       4
       4
       2
       0
       1
       1
       2
       2
       0
       0
       1
       0
       0
       0
       4
       1
       2
       2
       3
       1
       3
       2
       0
       1
       0
       1
       0
       1
       2
       2
       0
       1
       1
       3
       1
       0
       0
       2
       2
       4
       1
       1
       1
       4
       2
       2
       2
       1
       1
       2
       2
       1
       0
       0
       0
       0
       0
       1
       0
       0
       1
       1
       2
       0
       1
       0
       0
       0
       1
       1
       0
       0
       0
       1
       3
       2
       2
       1
       0
       1
       1
       2
       0
       2
       0
       1
       0
       1
       0
       1
       0
       4
       2
       0
       0
       1
       1
       0
       1
       0
       1
       1
       1
       1
       0
       0
       0
       0
       0
       1
       0
       0
       0
       1
       1
       0
       0
       2
       0
       0
       2
       0
       0
       1
       0
       0
       0
       0
       0
       0
       1
       1
       0
       1
       1
       1
       0
       0
       0
       0
       1
       0
       1
       0
       0
       0
       0
       2
       0
       1
       1
       0
       0
       0
       1
       0
       0
       1
       0
       0
       0
       0
       0
       0
       1
       1
       0
       0
       0
       0
       0
       0
       0
       1
       0
       0
       0
       0
       0
       0
       0
       0
       0
       0
       1
       1
       0
       0
       0
       1
       0
       0
       0
       0
       0
       0
       0
       0
       0
       0
       0
       0
       1
       0
       1
       0
       0
       0
       0
       0
       0
       1
       0
       0
       1
       0
       0
       0
       0
       0
       0
       0
       0
       0
       0
       0
       0
       0
       0
       1
       0
       0
       1
       0
       0
       0
       0
       1
       0
       0
       0
       0
       0
       0
       0
       0
       0
       0
       0
       0
       0
       0
       1
       0
       0
       0
       0
       1
       0
       0
       0
       0
       0
       0
       0
       0
       0
       0
       0
       0
       0
       0
       0
       0
       0
       0
       0
       1
       0
       0
       0
       0
       1
       0
       0
       1
       0
       0
       1
       0
       0
       0
       0
       0
       0
       0
       0
       0
       0
       1
       0
       0
       0
       0
       0
       0
       0
       0
       0
       0
       0
       0
       0
       0
       0
       0
       0
       0
       0
       0
       0
       0
       0
       0
       0
       0
       0
$ROI:
1
120 139
$PRESETS:
Live Time
100
0
$ENER_FIT:
0.000000 0.000000
$MCA_CAL:
3
0.000000E+000 0.000000E+000 0.000000E+000 
$SHAPE_CAL:
3
0.000000E+000 0.000000E+000 0.000000E+000
