$SPEC_ID:
No sample description was entered.
$SPEC_REM:
DET# 1
DETDESC# PRAK01 Easy-MCA-2k SN 15071856
AP# Maestro Version 7.01
$DATE_MEA:
02/25/2002 23:24:15
$MEAS_TIM:
100 100
$DATA:
0 511
       0
       0
       0
       0
       0
       0
       0
       0
       0
       0
       0
       0
       0
       0
       0
       0
       0
       0
       4
      79
     106
     104
     110
     108
     108
     121
     109
     133
     123
     135
     112
     129
     133
     144
     128
     151
     140
     161
     142
     168
     151
     159
     157
     157
     171
     153
     163
     155
     159
     112
     139
     143
     132
     155
     126
     138
     123
     124
     132
     143
     122
     110
     118
     122
     129
     139
     116
     116
     150
     133
     116
     119
     136
     134
     105
     144
     126
     156
     110
     136
     140
     157
     117
     112
     106
     125
     121
     135
     132
     132
     108
     105
     114
      91
      83
      86
      85
      67
      68
      66
      53
      56
      44
      46
      53
      45
      44
      35
      50
      51
      47
      41
      49
      59
      41
      53
      48
      62
      76
      59
      92
     151
     182
     201
     361
     504
     636
     680
     756
     916
     897
     901
     820
     657
     544
     410
     283
     190
     121
      57
      45
      13
      15
       8
       3
       1
       1
       6
       6
       2
       2
       2
       0
       2
       1
       1
       3
       3
       4
       1
       1
       1
       1
       2
       1
       1
       0
       2
       1
       2
       2
       0
       1
       2
       3
       1
       2
       2
       1
       1
       1
       1
       1
       4
       2
       1
       5
       0
       2
       1
       3
       1
       0
       1
       0
       0
       2
       2
       2
       1
       2
       0
       1
       3
       1
       3
       1
       1
       2
       2
       0
       3
       1
       1
       1
       1
       1
       2
       0
       0
       1
       0
       1
       1
       0
       0
       2
       2
       0
       0
       0
       0
       1
       2
       0
       1
       4
       1
       3
       1
       0
       0
       0
       0
       0
       2
       1
       1
       2
       1
       3
       0
       0
       0
       0
       1
       1
       0
       1
       0
       0
       1
       0
       1
       0
       0
       1
       0
       2
       3
       3
       0
       3
       4
       2
       3
       2
       0
       2
       1
       1
       0
       3
       0
       1
       0
       1
       0
       0
       0
       0
       1
       0
       0
       0
       0
       0
       0
       0
       0
       0
       0
       0
       1
       0
       1
       0
       0
       0
       2
       0
       0
       0
       0
       0
       1
       0
       0
       0
       0
       0
       0
       1
       0
       1
       0
       1
       1
       0
       0
       0
       0
       0
       0
       0
       0
       1
       0
       0
       0
       0
       0
       0
       0
       1
       0
       1
       1
       0
       0
       0
       0
       0
       0
       0
       0
       1
       0
       1
       0
       0
       0
       0
       0
       0
       0
       0
       0
       0
       0
       1
       0
       0
       0
       1
       0
       0
       0
       1
       0
       0
       0
       0
       0
       0
       0
       0
       0
       0
       0
       0
       0
       0
       0
       1
       0
       0
       0
       0
       0
       0
       0
       0
       0
       0
       0
       1
       0
       0
       0
       1
       0
       0
       0
       1
       0
       0
       0
       0
       0
       0
       0
       0
       0
       2
       0
       0
       0
       0
       0
       0
       0
       0
       0
       0
       0
       0
       0
       1
       0
       0
       0
       0
       0
       0
       0
       0
       0
       3
       0
       0
       0
       0
       0
       0
       0
       0
       0
       0
       0
       0
       0
       0
       0
       0
       0
       0
       0
       0
       0
       0
       0
       0
       0
       0
       0
       0
       0
       0
       0
       1
       1
       0
       0
       0
       0
       0
       0
       0
       0
       0
       0
       0
       0
       0
       0
       0
       0
       0
       0
       0
       0
       0
       0
       0
       0
       0
       0
       0
       0
       0
       0
$ROI:
1
120 139
$PRESETS:
Live Time
100
0
$ENER_FIT:
0.000000 0.000000
$MCA_CAL:
3
0.000000E+000 0.000000E+000 0.000000E+000 
$SHAPE_CAL:
3
0.000000E+000 0.000000E+000 0.000000E+000
