# $SPEC_ID:
# No sample description was entered.
# $SPEC_REM:
# DET# 1
# DETDESC# PRAK01 Easy-MCA-2k SN 15071856
# AP# Maestro Version 7.01
# $DATE_MEA:
# 02/25/2002 23:04:40
# $MEAS_TIM:
# 100 100
# $DATA:
# 0 511
       0
       0
       0
       0
       0
       0
       0
       0
       0
       0
       0
       0
       0
       0
       0 # ab hier
       0
       0
       0
       3
     126
     136
     161
     174
     170
     180
     166
     183
     176
     199
     175
     208
     220
     185
     206
     201
     234
     212
     204
     226
     241
     235
     242
     242
     244
     257
     251
     231
     232
     252
     223
     255
     224
     212
     200
     208
     219
     214
     201
     213
     211
     205
     200
     171
     193
     185
     190
     209
     187
     181
     201
     217
     170
     169
     180
     177
     172
     168
     181
     176
     205
     187
     214
     177
     181
     172
     188
     174
     182
     198
     166
     158
     149
     163
     166
     135
     121
     112
      87
     115
      77
      77
      90
      94
      75
      62
      54
      62
      48
      63
      76
      75
      67
      63
      79
      80
      71
      74
      88
      82
     111
     140
     185
     243
     343
     477
     623
     834
    1095
    1265
    1399
    1366
    1323
    1268
    1038
     893
     677
     506
     331
     196
     112
      64
      32
      20
       8
       3
       3
       3
       1
       3
       2 # bis hier
       1
       2
       2
       3
       2
       2
       0
       2
       3
       1
       1
       1
       3
       1
       1
       0
       3
       0
       1
       2
       0
       0
       1
       3
       2
       2
       0
       1
       2
       4
       1
       2
       0
       2
       4
       0
       0
       3
       1
       2
       0
       2
       2
       0
       3
       1
       2
       1
       0
       0
       0
       3
       0
       0
       2
       1
       1
       0
       5
       1
       0
       3
       1
       3
       1
       2
       1
       1
       1
       2
       0
       2
       1
       1
       1
       0
       0
       1
       2
       0
       0
       2
       1
       0
       1
       1
       0
       1
       1
       0
       0
       0
       0
       0
       1
       1
       1
       0
       0
       0
       0
       1
       3
       0
       1
       1
       0
       0
       2
       0
       0
       1
       0
       1
       0
       0
       4
       0
       0
       1
       2
       0
       2
       2
       0
       1
       2
       2
       1
       0
       0
       0
       0
       0
       3
       3
       1
       1
       0
       0
       1
       0
       1
       1
       0
       0
       1
       0
       0
       0
       0
       0
       0
       1
       0
       0
       0
       0
       0
       0
       0
       0
       0
       0
       0
       1
       0
       1
       0
       0
       0
       0
       0
       1
       0
       0
       0
       2
       1
       0
       0
       0
       0
       0
       0
       0
       1
       0
       1
       0
       0
       0
       0
       0
       0
       0
       0
       0
       0
       0
       0
       0
       1
       0
       0
       0
       0
       0
       0
       0
       0
       0
       0
       0
       0
       0
       0
       0
       0
       0
       0
       0
       1
       2
       0
       0
       0
       0
       0
       0
       1
       0
       0
       0
       0
       0
       0
       0
       0
       0
       0
       1
       0
       0
       1
       0
       1
       0
       0
       0
       0
       0
       0
       0
       0
       0
       0
       0
       0
       0
       0
       0
       0
       0
       2
       0
       0
       2
       0
       0
       0
       0
       0
       0
       0
       0
       0
       1
       0
       1
       1
       0
       0
       0
       1
       0
       0
       0
       0
       0
       0
       0
       0
       0
       0
       0
       0
       0
       0
       0
       0
       0
       0
       1
       0
       0
       0
       0
       0
       0
       0
       0
       0
       0
       1
       0
       1
       0
       0
       0
       0
       0
       0
       0
       1
       0
       0
       0
       0
       0
       0
       0
       0
       0
       0
       0
       0
       0
       0
       0
       0
       0
       0
       0
       0
       0
       0
       0
       0
       0
       0
       0
       0
       0
       0
       0
       0
       0
       0
       0
       0
       0
# $ROI:
# 1
# 120 139
# $PRESETS:
# Live Time
# 100
# 0
# $ENER_FIT:
# 0.000000 0.000000
# $MCA_CAL:
# 3
# 0.000000E+000 0.000000E+000 0.000000E+000
# $SHAPE_CAL:
# 3
# 0.000000E+000 0.000000E+000 0.000000E+000
