$SPEC_ID:
No sample description was entered.
$SPEC_REM:
DET# 1
DETDESC# PRAK01 Easy-MCA-2k SN 15071856
AP# Maestro Version 7.01
$DATE_MEA:
02/25/2002 23:14:48
$MEAS_TIM:
100 100
$DATA:
0 511
       0
       0
       0
       0
       0
       0
       0
       0
       0
       0
       0
       0
       0
       0
       0
       0
       0
       0
       3
      61
      73
      71
      78
      86
      88
      92
     100
      88
      99
     104
      85
      96
     118
     121
     109
     120
     115
     107
     126
     115
     105
     110
     124
     136
     130
     128
     117
      88
     121
     112
     117
     108
     107
     116
      91
     102
      90
      98
      88
      83
      88
      84
      90
      91
     109
      95
      84
      90
      87
      71
      84
      98
      97
      85
      85
      83
      73
      83
      83
      84
      93
      88
      95
      75
      89
      77
      81
      95
      90
      76
      94
     102
      84
      79
      63
      62
      57
      49
      41
      51
      32
      46
      39
      43
      43
      46
      31
      38
      26
      42
      34
      34
      49
      46
      32
      42
      48
      44
      52
      70
      71
     110
     125
     194
     239
     308
     410
     476
     604
     626
     642
     667
     556
     446
     414
     287
     201
     129
      78
      43
      23
      14
       3
       7
       3
       3
       0
       5
       1
       6
       2
       0
       5
       2
       4
       4
       2
       1
       2
       4
       2
       1
       2
       2
       1
       2
       1
       0
       3
       4
       2
       1
       0
       2
       1
       5
       1
       2
       3
       0
       1
       2
       4
       0
       2
       3
       1
       3
       1
       1
       1
       0
       3
       2
       0
       1
       0
       1
       0
       3
       1
       0
       3
       1
       2
       3
       3
       0
       1
       4
       3
       1
       2
       1
       1
       0
       4
       4
       3
       2
       0
       2
       3
       0
       3
       1
       1
       0
       3
       1
       1
       1
       0
       1
       0
       0
       1
       0
       1
       1
       1
       1
       0
       1
       0
       2
       1
       0
       0
       1
       0
       0
       0
       1
       0
       0
       0
       1
       0
       1
       0
       1
       0
       0
       1
       0
       0
       0
       1
       4
       1
       1
       2
       0
       3
       1
       1
       1
       1
       0
       2
       0
       1
       1
       0
       1
       0
       0
       0
       0
       1
       0
       0
       1
       1
       0
       0
       1
       0
       0
       0
       0
       0
       1
       0
       0
       0
       2
       0
       0
       0
       0
       0
       0
       1
       0
       0
       0
       0
       1
       0
       0
       1
       1
       0
       1
       0
       0
       1
       0
       1
       0
       0
       0
       0
       0
       0
       0
       0
       0
       0
       0
       1
       0
       1
       0
       1
       2
       0
       0
       1
       0
       0
       0
       0
       1
       1
       0
       0
       0
       0
       0
       1
       1
       0
       0
       0
       0
       0
       0
       0
       0
       0
       0
       0
       0
       0
       1
       0
       0
       0
       0
       0
       0
       0
       0
       0
       0
       0
       0
       0
       0
       0
       0
       1
       0
       0
       0
       1
       0
       0
       1
       0
       0
       0
       0
       1
       0
       1
       0
       0
       0
       0
       0
       0
       0
       0
       0
       0
       0
       0
       0
       0
       0
       0
       0
       2
       0
       0
       0
       0
       0
       0
       0
       0
       0
       0
       0
       0
       0
       0
       0
       1
       0
       0
       0
       0
       0
       0
       0
       0
       0
       0
       0
       0
       0
       0
       0
       0
       0
       0
       1
       0
       0
       1
       0
       0
       0
       0
       0
       0
       0
       0
       0
       0
       1
       0
       0
       0
       0
       0
       1
       0
       0
       0
       0
       0
       0
       0
       0
       0
       0
       0
       0
       0
       0
       0
       0
       0
       0
       0
       0
       0
       0
       0
       0
       0
       0
       0
       0
       0
       0
$ROI:
1
120 139
$PRESETS:
Live Time
100
0
$ENER_FIT:
0.000000 0.000000
$MCA_CAL:
3
0.000000E+000 0.000000E+000 0.000000E+000 
$SHAPE_CAL:
3
0.000000E+000 0.000000E+000 0.000000E+000
