$SPEC_ID:
No sample description was entered.
$SPEC_REM:
DET# 1
DETDESC# PRAK01 Easy-MCA-2k SN 15071856
AP# Maestro Version 7.01
$DATE_MEA:
02/25/2002 23:38:04
$MEAS_TIM:
100 100
$DATA:
0 511
       0
       0
       0
       0
       0
       0
       0
       0
       0
       0
       0
       0
       0
       0
       0
       0
       0
       0
       0
      40
      54
      57
      59
      74
      62
      48
      63
      75
      76
      74
      74
      58
      75
      80
      77
      86
      85
      93
      92
      87
      92
      88
      88
      85
      86
      74
      94
      72
      83
      83
      63
      77
      84
      59
      74
      71
      57
      79
      72
      69
      66
      51
      65
      64
      52
      58
      65
      46
      74
      52
      63
      64
      65
      54
      73
      58
      49
      52
      59
      68
      51
      64
      70
      45
      58
      57
      56
      50
      64
      57
      54
      39
      54
      35
      46
      46
      45
      25
      37
      31
      28
      36
      27
      32
      27
      32
      15
      19
      26
      29
      22
      29
      23
      27
      29
      23
      30
      29
      35
      35
      54
      62
     102
     124
     170
     207
     271
     332
     390
     400
     408
     376
     343
     268
     218
     171
     106
      82
      45
      20
      16
       8
       3
       5
       2
       4
       3
       3
       0
       2
       1
       3
       1
       3
       2
       3
       4
       0
       4
       2
       4
       2
       3
       3
       1
       1
       5
       2
       1
       5
       4
       2
       2
       2
       2
       6
       4
       0
       0
       2
       4
       4
       3
       1
       1
       0
       2
       2
       1
       1
       0
       0
       0
       3
       2
       3
       0
       2
       4
       1
       3
       1
       2
       1
       1
       0
       2
       3
       2
       4
       0
       1
       1
       0
       1
       3
       0
       2
       0
       1
       0
       1
       4
       0
       0
       1
       0
       0
       3
       0
       2
       0
       3
       1
       0
       2
       2
       0
       1
       1
       0
       1
       0
       2
       1
       0
       1
       0
       0
       2
       0
       0
       0
       0
       0
       0
       0
       0
       1
       0
       0
       0
       0
       2
       1
       2
       1
       0
       1
       2
       1
       1
       1
       2
       0
       1
       1
       2
       1
       0
       1
       0
       0
       1
       1
       0
       0
       0
       0
       0
       1
       1
       0
       0
       0
       0
       1
       0
       0
       0
       0
       0
       0
       0
       0
       0
       0
       0
       0
       0
       0
       0
       0
       0
       0
       0
       0
       0
       1
       1
       0
       0
       0
       0
       0
       0
       1
       1
       0
       1
       0
       0
       0
       0
       1
       0
       0
       0
       0
       0
       0
       0
       0
       0
       0
       0
       0
       0
       0
       0
       0
       0
       0
       0
       0
       0
       1
       0
       0
       1
       0
       0
       0
       0
       1
       0
       0
       0
       1
       0
       0
       0
       0
       0
       0
       0
       0
       0
       0
       0
       1
       0
       0
       0
       1
       0
       0
       0
       0
       0
       0
       0
       0
       0
       1
       0
       0
       0
       0
       0
       0
       0
       0
       0
       1
       0
       0
       0
       0
       0
       0
       0
       0
       0
       1
       0
       0
       0
       0
       0
       0
       0
       0
       0
       0
       1
       0
       0
       0
       0
       1
       0
       1
       0
       0
       0
       0
       0
       0
       0
       0
       0
       0
       0
       0
       0
       1
       0
       0
       0
       0
       0
       1
       0
       0
       0
       0
       0
       0
       0
       0
       0
       0
       0
       0
       0
       0
       0
       0
       0
       0
       0
       0
       0
       0
       0
       0
       0
       0
       0
       0
       0
       0
       1
       0
       0
       0
       0
       0
       0
       0
       0
       0
       0
       0
       0
       0
       0
       0
       0
       0
       0
       0
       0
       0
       0
       0
       0
       0
       0
       0
       0
$ROI:
1
120 139
$PRESETS:
Live Time
100
0
$ENER_FIT:
0.000000 0.000000
$MCA_CAL:
3
0.000000E+000 0.000000E+000 0.000000E+000 
$SHAPE_CAL:
3
0.000000E+000 0.000000E+000 0.000000E+000
