$SPEC_ID:
No sample description was entered.
$SPEC_REM:
DET# 1
DETDESC# PRAK01 Easy-MCA-2k SN 15071856
AP# Maestro Version 7.01
$DATE_MEA:
02/25/2002 22:28:39
$MEAS_TIM:
60 60
$DATA:
0 511
       0
       0
       0
       0
       0
       0
       0
       0
       0
       0
       0
       0
       0
       0
       0
       0
       0
       0
       2
     108
     133
     140
     132
     131
     132
     159
     149
     173
     158
     169
     153
     179
     192
     178
     187
     179
     185
     176
     187
     192
     188
     211
     209
     218
     202
     220
     201
     225
     188
     183
     172
     167
     194
     181
     189
     193
     191
     163
     163
     160
     175
     187
     176
     148
     152
     149
     149
     148
     142
     163
     167
     152
     162
     164
     165
     160
     152
     157
     177
     145
     167
     172
     159
     185
     190
     168
     166
     167
     165
     165
     158
     190
     133
     147
     147
     112
      92
      95
      88
      76
      78
      71
      62
      66
      58
      58
      63
      68
      56
      54
      66
      58
      57
      59
      63
      72
      82
      74
      78
      86
      98
     130
     231
     304
     419
     534
     684
     918
     994
    1185
    1199
    1193
    1152
     947
     796
     618
     429
     321
     205
     113
      65
      31
      14
       8
       2
       1
       5
       1
       1
       0
       2
       0
       2
       2
       1
       2
       0
       1
       1
       0
       1
       2
       0
       1
       0
       2
       1
       3
       1
       0
       0
       1
       0
       2
       2
       1
       0
       1
       1
       0
       2
       5
       0
       1
       1
       1
       1
       3
       2
       0
       2
       2
       2
       3
       0
       0
       0
       0
       1
       1
       0
       2
       3
       0
       1
       0
       0
       0
       1
       1
       0
       3
       0
       2
       1
       2
       1
       2
       2
       1
       0
       0
       1
       0
       1
       3
       1
       1
       0
       1
       0
       1
       1
       0
       0
       0
       0
       1
       0
       1
       0
       0
       0
       1
       2
       0
       0
       2
       2
       0
       0
       4
       1
       0
       1
       0
       0
       1
       0
       0
       0
       1
       1
       2
       0
       2
       2
       0
       1
       1
       2
       0
       1
       0
       2
       2
       1
       1
       0
       1
       1
       0
       1
       1
       0
       1
       0
       0
       0
       0
       0
       0
       0
       1
       0
       0
       0
       0
       0
       0
       0
       0
       0
       0
       0
       0
       0
       0
       1
       0
       0
       0
       0
       0
       2
       0
       1
       0
       1
       0
       1
       0
       0
       0
       0
       1
       0
       0
       0
       0
       0
       0
       0
       0
       0
       0
       0
       0
       1
       0
       1
       0
       0
       0
       1
       0
       1
       0
       0
       0
       0
       0
       0
       0
       0
       0
       0
       0
       0
       0
       0
       0
       0
       0
       0
       0
       0
       1
       1
       0
       0
       0
       0
       0
       0
       0
       0
       0
       0
       0
       0
       0
       0
       1
       0
       0
       1
       0
       1
       0
       0
       0
       0
       0
       0
       0
       0
       0
       0
       0
       0
       2
       0
       0
       0
       0
       0
       0
       0
       0
       1
       0
       0
       0
       0
       0
       0
       0
       0
       0
       0
       1
       0
       1
       0
       0
       0
       0
       0
       0
       0
       0
       0
       0
       0
       0
       0
       0
       0
       0
       0
       0
       0
       0
       0
       0
       0
       0
       0
       0
       0
       0
       0
       0
       0
       0
       0
       0
       0
       0
       0
       0
       0
       0
       0
       0
       0
       0
       0
       0
       0
       0
       0
       0
       0
       0
       2
       0
       0
       0
       0
       0
       0
       0
       0
       0
       0
       0
       0
       0
       0
       0
       0
       0
       0
       0
       0
       0
       0
       0
       0
       0
       0
       0
       0
       0
       0
       0
       0
       0
       0
       0
$ROI:
1
121 139
$PRESETS:
Live Time
60
0
$ENER_FIT:
0.000000 0.000000
$MCA_CAL:
3
0.000000E+000 0.000000E+000 0.000000E+000 
$SHAPE_CAL:
3
0.000000E+000 0.000000E+000 0.000000E+000
