$SPEC_ID:
No sample description was entered.
$SPEC_REM:
DET# 1
DETDESC# PRAK01 Easy-MCA-2k SN 15071856
AP# Maestro Version 7.01
$DATE_MEA:
02/25/2002 23:26:55
$MEAS_TIM:
100 100
$DATA:
0 511
       0
       0
       0
       0
       0
       0
       0
       0
       0
       0
       0
       0
       0
       0
       0
       0
       0
       0
       1
      75
     106
      93
      94
      95
      85
     119
     110
     143
     123
     137
     143
     144
     165
     122
     107
     138
     144
     136
     107
     139
     159
     145
     154
     166
     139
     144
     154
     142
     138
     143
     117
     150
     143
     126
     151
     152
     136
     123
     121
     132
     112
     128
     124
     128
     131
     134
     102
     124
     119
     124
     108
     101
     113
     118
     117
     119
     109
     105
     127
     103
     109
     128
     125
     144
     103
     102
     127
     127
     109
     121
      91
     103
     104
      99
      84
      82
      65
      77
      59
      54
      51
      62
      47
      52
      42
      33
      57
      46
      54
      47
      51
      40
      48
      37
      53
      45
      47
      55
      48
      71
      79
     141
     150
     247
     359
     447
     585
     685
     774
     861
     886
     894
     772
     650
     511
     379
     275
     160
     111
      50
      27
      24
       4
       1
       6
       5
       1
       0
       3
       0
       1
       3
       2
       3
       0
       1
       2
       2
       1
       1
       1
       2
       2
       0
       2
       2
       3
       1
       3
       2
       3
       0
       4
       3
       3
       2
       4
       2
       2
       1
       1
       3
       4
       3
       1
       0
       1
       1
       1
       0
       1
       1
       2
       1
       1
       1
       1
       0
       2
       2
       1
       2
       3
       1
       2
       0
       1
       3
       2
       1
       4
       1
       1
       1
       0
       0
       1
       1
       2
       0
       1
       3
       2
       0
       0
       1
       5
       3
       2
       0
       0
       0
       1
       1
       1
       1
       2
       0
       0
       0
       1
       0
       2
       3
       0
       0
       0
       1
       3
       2
       0
       2
       1
       1
       3
       1
       1
       0
       0
       0
       0
       1
       1
       1
       2
       2
       3
       3
       2
       1
       2
       0
       2
       1
       2
       0
       3
       0
       2
       1
       2
       3
       2
       1
       1
       0
       0
       0
       1
       0
       0
       1
       0
       0
       0
       0
       1
       2
       0
       0
       0
       0
       0
       0
       0
       0
       0
       0
       0
       0
       0
       0
       0
       0
       0
       0
       0
       0
       0
       0
       0
       1
       1
       1
       1
       0
       0
       0
       0
       0
       0
       0
       0
       1
       0
       0
       0
       0
       0
       0
       1
       0
       0
       0
       0
       2
       0
       0
       0
       1
       0
       0
       0
       0
       0
       1
       0
       0
       0
       1
       0
       0
       0
       0
       0
       0
       0
       0
       1
       0
       0
       0
       0
       1
       0
       0
       0
       1
       0
       0
       0
       0
       0
       0
       0
       0
       0
       0
       0
       0
       0
       1
       0
       0
       0
       1
       1
       0
       0
       1
       0
       0
       0
       0
       0
       0
       0
       2
       0
       0
       0
       1
       0
       1
       0
       0
       0
       0
       1
       1
       0
       0
       0
       0
       0
       1
       1
       0
       0
       0
       0
       0
       1
       0
       0
       0
       0
       0
       0
       0
       0
       0
       0
       0
       0
       0
       0
       0
       0
       0
       0
       0
       0
       0
       0
       0
       2
       0
       0
       0
       0
       0
       0
       1
       0
       0
       0
       0
       0
       1
       0
       0
       0
       0
       0
       2
       0
       0
       0
       0
       0
       0
       0
       0
       0
       0
       0
       0
       0
       0
       0
       0
       0
       0
       0
       0
       0
       0
       0
       0
       0
       0
       0
       0
       0
       0
       0
       0
       0
       0
       0
       0
$ROI:
1
120 139
$PRESETS:
Live Time
100
0
$ENER_FIT:
0.000000 0.000000
$MCA_CAL:
3
0.000000E+000 0.000000E+000 0.000000E+000 
$SHAPE_CAL:
3
0.000000E+000 0.000000E+000 0.000000E+000
