$SPEC_ID:
No sample description was entered.
$SPEC_REM:
DET# 1
DETDESC# PRAK01 Easy-MCA-2k SN 15071856
AP# Maestro Version 7.01
$DATE_MEA:
02/25/2002 23:11:21
$MEAS_TIM:
100 100
$DATA:
0 511
       0
       0
       0
       0
       0
       0
       0
       0
       0
       0
       0
       0
       0
       0
       0
       0
       0
       0
       2
     124
     167
     158
     170
     150
     186
     172
     187
     176
     185
     192
     203
     202
     214
     232
     209
     236
     212
     247
     206
     225
     244
     247
     246
     258
     223
     263
     245
     271
     233
     250
     229
     222
     256
     217
     203
     206
     222
     196
     202
     207
     197
     196
     210
     204
     193
     191
     176
     191
     196
     189
     206
     165
     164
     186
     194
     212
     220
     189
     203
     171
     196
     209
     195
     201
     193
     197
     185
     203
     219
     189
     169
     173
     173
     163
     128
     124
     108
     100
     115
      78
      92
     101
      83
      71
      83
      72
      64
      75
      82
      56
      49
      77
      84
      78
      86
      79
      83
      85
      92
     118
     145
     198
     270
     393
     524
     695
     948
    1146
    1276
    1363
    1498
    1450
    1312
    1036
     906
     650
     453
     309
     186
     108
      65
      25
      14
       8
       2
       4
       0
       0
       3
       1
       0
       1
       1
       1
       2
       3
       6
       0
       1
       2
       1
       5
       1
       3
       2
       1
       3
       1
       0
       2
       2
       2
       2
       2
       0
       1
       1
       2
       0
       2
       2
       1
       2
       1
       2
       0
       1
       0
       1
       0
       1
       1
       0
       1
       0
       0
       0
       0
       1
       2
       0
       0
       0
       1
       0
       1
       1
       7
       2
       1
       2
       1
       0
       2
       0
       2
       1
       1
       2
       0
       1
       0
       0
       1
       1
       2
       1
       2
       0
       0
       1
       1
       0
       0
       2
       0
       1
       4
       1
       0
       1
       0
       0
       0
       1
       3
       1
       0
       0
       1
       0
       0
       1
       1
       1
       1
       1
       1
       1
       2
       2
       2
       1
       3
       0
       0
       1
       1
       2
       0
       0
       1
       1
       4
       2
       1
       1
       2
       1
       3
       1
       0
       0
       0
       0
       1
       3
       0
       0
       0
       0
       0
       0
       0
       0
       0
       0
       0
       1
       0
       0
       0
       0
       0
       0
       0
       0
       0
       0
       0
       0
       1
       1
       0
       0
       1
       0
       1
       0
       0
       0
       0
       0
       0
       1
       0
       0
       1
       0
       0
       0
       0
       2
       0
       0
       0
       1
       0
       0
       1
       0
       0
       0
       0
       0
       2
       0
       0
       0
       0
       0
       0
       0
       0
       0
       0
       0
       0
       0
       0
       0
       0
       0
       0
       1
       0
       0
       0
       0
       0
       0
       0
       0
       0
       0
       0
       0
       0
       0
       0
       1
       0
       0
       0
       0
       0
       0
       0
       0
       0
       1
       2
       0
       2
       0
       0
       0
       0
       0
       1
       0
       0
       0
       0
       1
       0
       0
       0
       0
       0
       0
       0
       1
       0
       1
       0
       0
       0
       0
       0
       0
       0
       0
       0
       0
       1
       0
       0
       0
       0
       0
       0
       0
       0
       0
       0
       0
       0
       1
       0
       0
       0
       0
       0
       0
       0
       0
       0
       0
       0
       0
       0
       0
       0
       0
       0
       0
       0
       2
       0
       0
       0
       0
       0
       0
       0
       0
       0
       0
       0
       0
       0
       0
       0
       1
       0
       0
       0
       0
       0
       1
       1
       0
       0
       0
       0
       0
       0
       0
       0
       0
       0
       0
       0
       0
       0
       0
       0
       0
       0
       0
       0
       0
       0
       0
       0
       0
       0
       0
       0
       0
       0
$ROI:
1
120 139
$PRESETS:
Live Time
100
0
$ENER_FIT:
0.000000 0.000000
$MCA_CAL:
3
0.000000E+000 0.000000E+000 0.000000E+000 
$SHAPE_CAL:
3
0.000000E+000 0.000000E+000 0.000000E+000
