$SPEC_ID:
No sample description was entered.
$SPEC_REM:
DET# 1
DETDESC# PRAK01 Easy-MCA-2k SN 15071856
AP# Maestro Version 7.01
$DATE_MEA:
02/25/2002 23:32:32
$MEAS_TIM:
100 100
$DATA:
0 511
       0
       0
       0
       0
       0
       0
       0
       0
       0
       0
       0
       0
       0
       0
       0
       0
       0
       0
      10
     113
     137
     143
     150
     157
     134
     185
     159
     144
     164
     197
     170
     178
     163
     187
     189
     180
     181
     189
     202
     205
     212
     202
     228
     217
     235
     206
     204
     183
     212
     217
     201
     169
     181
     171
     178
     144
     182
     191
     196
     159
     167
     168
     182
     160
     183
     172
     154
     158
     170
     163
     173
     161
     161
     179
     160
     144
     150
     171
     151
     169
     151
     158
     169
     164
     176
     165
     158
     155
     175
     155
     175
     153
     146
     126
      89
      97
     101
      96
      94
      90
      71
      70
      61
      57
      48
      52
      52
      53
      63
      65
      54
      65
      70
      82
      69
      60
      68
      82
      98
     106
     114
     172
     253
     376
     486
     614
     772
    1005
    1105
    1248
    1199
    1116
    1050
     879
     695
     495
     362
     219
     145
      84
      43
      24
       8
       7
       2
       4
       2
       2
       0
       3
       4
       1
       2
       0
       2
       2
       3
       1
       1
       3
       6
       4
       1
       3
       1
       0
       1
       0
       3
       2
       2
       0
       1
       2
       2
       2
       1
       3
       0
       1
       0
       1
       0
       1
       3
       3
       3
       3
       0
       2
       1
       0
       0
       0
       2
       2
       1
       2
       0
       1
       2
       2
       1
       1
       0
       0
       0
       2
       2
       4
       1
       2
       2
       3
       1
       2
       0
       3
       2
       0
       1
       0
       3
       1
       0
       2
       3
       1
       0
       0
       0
       1
       0
       1
       1
       0
       2
       1
       1
       0
       1
       1
       1
       0
       0
       0
       1
       0
       1
       0
       0
       1
       0
       0
       0
       0
       1
       2
       1
       2
       1
       1
       0
       2
       0
       4
       1
       2
       1
       2
       0
       3
       4
       0
       2
       2
       0
       2
       1
       1
       2
       1
       0
       0
       0
       0
       0
       0
       0
       1
       0
       0
       0
       0
       0
       0
       0
       1
       1
       0
       0
       0
       0
       0
       0
       0
       1
       0
       0
       1
       0
       0
       0
       0
       0
       0
       0
       0
       1
       0
       0
       1
       0
       1
       0
       0
       1
       1
       0
       0
       0
       1
       0
       1
       0
       0
       0
       0
       1
       0
       0
       0
       1
       0
       1
       1
       1
       0
       0
       0
       0
       2
       0
       0
       0
       0
       0
       0
       0
       0
       0
       0
       2
       0
       0
       0
       1
       0
       0
       0
       0
       0
       0
       0
       0
       0
       0
       0
       0
       0
       1
       0
       1
       0
       0
       0
       0
       0
       0
       1
       0
       0
       0
       1
       0
       0
       0
       1
       0
       0
       1
       0
       0
       0
       0
       0
       0
       0
       0
       1
       0
       0
       0
       0
       0
       0
       0
       0
       0
       0
       0
       0
       0
       0
       1
       0
       0
       1
       0
       0
       1
       0
       0
       0
       0
       0
       0
       0
       0
       1
       0
       0
       0
       0
       0
       0
       0
       0
       0
       0
       0
       0
       0
       0
       1
       0
       0
       0
       0
       0
       0
       0
       0
       0
       0
       0
       0
       0
       0
       0
       0
       0
       0
       0
       0
       0
       0
       0
       1
       0
       0
       0
       0
       0
       0
       0
       0
       0
       0
       0
       0
       0
       0
       0
       0
       0
       0
       0
       0
       0
       0
       0
       0
       0
       0
       0
       0
       0
       0
       0
       0
       0
$ROI:
1
120 139
$PRESETS:
Live Time
100
0
$ENER_FIT:
0.000000 0.000000
$MCA_CAL:
3
0.000000E+000 0.000000E+000 0.000000E+000 
$SHAPE_CAL:
3
0.000000E+000 0.000000E+000 0.000000E+000
