$SPEC_ID:
No sample description was entered.
$SPEC_REM:
DET# 1
DETDESC# PRAK01 Easy-MCA-2k SN 15071856
AP# Maestro Version 7.01
$DATE_MEA:
02/25/2002 23:08:53
$MEAS_TIM:
100 100
$DATA:
0 511
       0
       0
       0
       0
       0
       0
       0
       0
       0
       0
       0
       0
       0
       0
       0
       0
       0
       0
       2
     129
     169
     163
     154
     175
     173
     154
     203
     200
     207
     197
     204
     198
     196
     191
     218
     224
     210
     235
     216
     244
     222
     258
     259
     267
     264
     267
     226
     236
     221
     279
     238
     234
     204
     242
     228
     222
     220
     188
     201
     195
     207
     209
     181
     193
     184
     191
     223
     225
     223
     197
     195
     196
     168
     196
     180
     189
     203
     186
     199
     181
     198
     177
     179
     192
     198
     177
     208
     197
     181
     188
     167
     157
     173
     139
     136
     122
     114
     109
     129
      89
      86
      91
      83
      72
      79
      68
      67
      65
      74
      74
      79
      74
      84
      84
      73
      89
      87
      85
     102
     133
     143
     191
     297
     371
     523
     685
     908
    1078
    1251
    1330
    1400
    1416
    1246
    1117
     902
     663
     457
     320
     205
     114
      51
      23
      20
       7
       3
       5
       1
       4
       1
       1
       2
       3
       1
       3
       5
       4
       1
       1
       1
       1
       1
       0
       4
       2
       2
       0
       3
       0
       0
       0
       1
       0
       1
       0
       1
       3
       2
       4
       3
       1
       0
       2
       1
       3
       2
       3
       3
       2
       2
       1
       0
       3
       1
       2
       1
       2
       0
       1
       1
       0
       0
       1
       0
       3
       1
       1
       2
       1
       1
       1
       1
       1
       1
       0
       0
       2
       4
       0
       2
       0
       0
       1
       0
       1
       1
       0
       1
       1
       1
       2
       1
       0
       1
       1
       2
       2
       0
       0
       0
       1
       0
       0
       0
       0
       0
       1
       0
       2
       1
       0
       0
       0
       1
       2
       0
       1
       1
       0
       1
       1
       3
       0
       3
       1
       4
       2
       4
       0
       1
       3
       1
       0
       0
       1
       3
       1
       3
       1
       0
       1
       1
       2
       1
       2
       0
       1
       0
       0
       0
       0
       1
       0
       0
       0
       0
       1
       0
       0
       0
       0
       0
       0
       0
       0
       0
       0
       1
       0
       0
       0
       0
       1
       0
       1
       0
       0
       0
       0
       1
       0
       0
       1
       0
       0
       0
       1
       1
       1
       0
       0
       0
       0
       0
       0
       1
       1
       0
       0
       0
       0
       0
       0
       0
       0
       0
       0
       0
       0
       0
       1
       0
       0
       0
       0
       1
       0
       0
       0
       0
       1
       0
       0
       0
       0
       1
       0
       0
       0
       0
       0
       0
       0
       0
       0
       0
       1
       0
       0
       0
       0
       0
       0
       0
       0
       0
       0
       0
       0
       2
       0
       0
       0
       0
       0
       0
       0
       0
       1
       0
       0
       0
       0
       0
       0
       0
       0
       0
       0
       2
       0
       0
       0
       0
       1
       0
       0
       0
       0
       0
       0
       0
       0
       0
       0
       0
       0
       0
       0
       0
       1
       0
       0
       0
       0
       0
       0
       0
       0
       0
       0
       0
       0
       0
       2
       0
       1
       0
       0
       0
       0
       0
       0
       0
       0
       0
       0
       0
       0
       0
       0
       0
       0
       0
       0
       0
       0
       0
       0
       0
       0
       0
       0
       0
       0
       0
       0
       0
       0
       1
       0
       0
       1
       1
       0
       0
       0
       0
       0
       0
       0
       0
       0
       0
       0
       0
       0
       0
       0
       0
       0
       0
       0
       0
       0
       0
       0
       0
       0
       0
       0
       0
       0
$ROI:
1
120 139
$PRESETS:
Live Time
100
0
$ENER_FIT:
0.000000 0.000000
$MCA_CAL:
3
0.000000E+000 0.000000E+000 0.000000E+000 
$SHAPE_CAL:
3
0.000000E+000 0.000000E+000 0.000000E+000
