$SPEC_ID:
No sample description was entered.
$SPEC_REM:
DET# 1
DETDESC# PRAK01 Easy-MCA-2k SN 15071856
AP# Maestro Version 7.01
$DATE_MEA:
02/25/2002 23:21:16
$MEAS_TIM:
100 100
$DATA:
0 511
       0
       0
       0
       0
       0
       0
       0
       0
       0
       0
       0
       1
       0
       0
       0
       0
       0
       0
       1
      77
      82
      88
      87
      80
     121
     107
     108
     108
      86
     128
      91
      97
     133
     115
     110
      99
     117
     124
     126
     132
     148
     130
     111
     150
     134
     130
     129
     119
     102
     121
     134
     117
     119
     114
     114
     115
     109
     104
     120
      98
     108
     102
      92
      97
     110
      97
      87
      97
      95
      79
     109
      99
      92
      92
     107
      95
      98
      94
      80
     104
     104
     115
     101
     115
     110
     106
      92
     107
      88
     105
      90
      93
      91
      76
      57
      55
      69
      64
      60
      38
      60
      45
      58
      42
      43
      36
      38
      39
      40
      49
      48
      39
      39
      52
      44
      46
      56
      46
      56
      71
      71
     109
     128
     209
     305
     367
     456
     573
     603
     705
     734
     669
     679
     515
     452
     290
     228
     150
      81
      48
      28
      19
       7
       1
       4
       2
       2
       0
       3
       3
       3
       3
       5
       2
       1
       1
       2
       3
       0
       5
       2
       1
       1
       6
       4
       2
       2
       0
       2
       2
       5
       7
       3
       0
       2
       0
       2
       3
       0
       3
       3
       1
       1
       4
       0
       1
       2
       1
       1
       0
       2
       1
       1
       0
       0
       0
       2
       1
       4
       2
       1
       1
       0
       1
       1
       0
       2
       3
       0
       2
       0
       2
       0
       1
       2
       3
       1
       0
       0
       3
       0
       1
       0
       0
       1
       2
       1
       0
       1
       0
       1
       1
       0
       1
       0
       4
       2
       1
       1
       0
       3
       0
       0
       0
       0
       1
       0
       0
       0
       0
       0
       1
       0
       1
       1
       2
       0
       1
       1
       1
       0
       0
       1
       0
       1
       1
       1
       1
       1
       0
       1
       5
       1
       2
       1
       1
       2
       2
       2
       2
       0
       0
       1
       0
       2
       0
       0
       2
       0
       0
       0
       1
       0
       0
       0
       1
       0
       0
       0
       0
       0
       0
       1
       0
       0
       0
       0
       0
       0
       0
       1
       1
       0
       0
       1
       0
       0
       0
       1
       1
       0
       0
       0
       0
       0
       0
       0
       1
       0
       0
       0
       0
       0
       0
       1
       0
       0
       0
       0
       0
       0
       0
       0
       1
       1
       0
       0
       0
       0
       0
       0
       0
       0
       0
       0
       0
       0
       0
       0
       0
       0
       0
       0
       1
       0
       0
       0
       0
       0
       1
       0
       0
       0
       1
       0
       0
       0
       1
       1
       0
       1
       2
       1
       0
       1
       0
       0
       0
       0
       0
       0
       0
       0
       1
       0
       2
       0
       0
       0
       0
       0
       0
       1
       0
       0
       0
       0
       0
       0
       0
       0
       0
       0
       0
       0
       0
       0
       1
       0
       1
       0
       0
       0
       0
       0
       0
       0
       0
       1
       0
       0
       0
       0
       1
       0
       0
       0
       0
       0
       0
       0
       0
       0
       0
       0
       0
       0
       0
       0
       0
       0
       0
       0
       0
       0
       0
       0
       0
       0
       0
       0
       0
       0
       0
       0
       0
       1
       0
       0
       0
       1
       0
       0
       0
       0
       0
       0
       1
       0
       0
       0
       0
       0
       0
       0
       0
       0
       0
       0
       0
       0
       0
       0
       0
       0
       0
       0
       0
       0
       0
       0
       0
       0
       0
       0
       0
       0
       0
       0
       0
       0
       0
$ROI:
1
120 139
$PRESETS:
Live Time
100
0
$ENER_FIT:
0.000000 0.000000
$MCA_CAL:
3
0.000000E+000 0.000000E+000 0.000000E+000 
$SHAPE_CAL:
3
0.000000E+000 0.000000E+000 0.000000E+000
