1010.000 0.002
1020.000 0.020
1030.000 0.414
1040.000 0.414
1050.000 0.620
1060.000 0.817
1070.000 0.817
1080.000 0.159
1090.000 0.153
1100.000 0.153
1110.000 0.131
1120.000 0.131
1130.000 0.115
1140.000 0.105
1150.000 0.105
1160.000 0.098
1170.000 0.097
1180.000 0.097
1190.000 0.098
1200.000 0.100
1210.000 0.100
1220.000 0.104
1230.000 0.111
1240.000 0.111
1250.000 0.122
1260.000 0.122
1270.000 0.135
1280.000 0.155
1290.000 0.155
1300.000 0.184
1310.000 0.220
1320.000 0.220
1330.000 0.280
1340.000 0.280
1350.000 0.377
1360.000 0.564
1370.000 0.564
1380.000 0.952
1390.000 1.697
1400.000 1.697
1410.000 1.841
1420.000 0.578
1430.000 0.578
1440.000 0.468
1450.000 0.468
1460.000 0.360
1470.000 0.309
1480.000 0.309
1490.000 0.276
1500.000 0.256
1510.000 0.256
1520.000 0.242
1530.000 0.236
1540.000 0.236
1550.000 0.230
1560.000 0.230
1570.000 0.230
1580.000 0.232
1590.000 0.232
1600.000 0.234
1610.000 0.242
1620.000 0.242
1630.000 0.254
1640.000 0.287
1650.000 0.287
1660.000 0.363
1670.000 0.504
1680.000 0.504
1690.000 0.751
1700.000 0.751
1710.000 1.191
1720.000 2.042
1730.000 2.042
1740.000 3.313
1750.000 2.936
1760.000 2.936
1770.000 1.355
1780.000 1.009
1790.000 1.009
1800.000 0.825
1810.000 0.718
1820.000 0.718
1830.000 0.651
1840.000 0.651
1850.000 0.610
1860.000 0.587
1870.000 0.587
1880.000 0.575
1890.000 0.578
1900.000 0.578
1910.000 0.589
1920.000 0.612
1930.000 0.612
1940.000 0.648
1950.000 0.648
1960.000 0.698
1970.000 0.769
1980.000 0.769
1990.000 0.864
2000.000 1.001
2010.000 1.001
2020.000 1.195
2030.000 1.486
2040.000 1.486
2050.000 1.932
2060.000 2.590
2070.000 2.590
2080.000 3.330
2090.000 3.329
2100.000 3.397
2110.000 2.441
2120.000 2.441
2130.000 1.746
2140.000 1.359
2150.000 1.359
2160.000 1.120
2170.000 0.959
2180.000 0.959
2190.000 0.848
2200.000 0.848
2210.000 0.771
2220.000 0.717
2230.000 0.717
2240.000 0.679
2250.000 0.657
2260.000 0.657
2270.000 0.648
2280.000 0.650
2290.000 0.650
2300.000 0.666
2310.000 0.696
2320.000 0.696
2330.000 0.746
2340.000 0.746
2350.000 0.823
2360.000 0.942
2370.000 0.942
2380.000 1.127
2390.000 1.439
2400.000 1.439
2410.000 1.988
2420.000 2.937
2430.000 2.937
2440.000 3.919
2450.000 3.919
2460.000 2.865
2470.000 1.527
2480.000 1.527
2490.000 1.091
2500.000 0.859
2510.000 0.859
2520.000 0.717
2530.000 0.622
2540.000 0.622
2550.000 0.561
2560.000 0.516
2570.000 0.516
2580.000 0.487
2590.000 0.487
2600.000 0.471
2610.000 0.463
2620.000 0.463
2630.000 0.467
2640.000 0.481
2650.000 0.481
2660.000 0.505
2670.000 0.545
2680.000 0.545
2690.000 0.608
2700.000 0.608
2710.000 0.703
2720.000 0.858
2730.000 0.858
2740.000 1.122
2750.000 1.619
2760.000 1.619
2770.000 2.704
2780.000 2.704
2790.000 3.678
2800.000 1.965
2810.000 1.965
2820.000 1.104
2830.000 0.796
2840.000 0.796
2850.000 0.639
2860.000 0.540
2870.000 0.540
2880.000 0.475
2890.000 0.432
2900.000 0.432
2910.000 0.402
2920.000 0.402
2930.000 0.383
2940.000 0.373
2950.000 0.373
2960.000 0.371
2970.000 0.375
2980.000 0.375
2990.000 0.391
3000.000 0.413
3010.000 0.413
3020.000 0.451
3030.000 0.451
3040.000 0.508
3050.000 0.594
3060.000 0.594
3070.000 0.734
3080.000 0.981
3090.000 0.981
3100.000 1.456
3110.000 2.367
3120.000 2.367
3130.000 3.218
3140.000 1.486
3150.000 1.486
3160.000 0.875
3170.000 0.875
3180.000 0.647
3190.000 0.520
3200.000 0.520
3210.000 0.442
3220.000 0.390
3230.000 0.390
3240.000 0.355
3250.000 0.333
3260.000 0.333
3270.000 0.316
3280.000 0.316
3290.000 0.310
3300.000 0.310
3310.000 0.310
3320.000 0.315
3330.000 0.328
3340.000 0.328
3350.000 0.349
3360.000 0.384
3370.000 0.384
3380.000 0.433
3390.000 0.510
3400.000 0.510
3410.000 0.636
3420.000 0.636
3430.000 0.858
3440.000 1.288
3450.000 1.288
3460.000 2.089
3470.000 2.725
3480.000 2.725
3490.000 1.156
3500.000 0.734
3510.000 0.734
3520.000 0.557
3530.000 0.557
3540.000 0.451
3550.000 0.384
3560.000 0.384
3570.000 0.341
3580.000 0.310
3590.000 0.310
3600.000 0.291
3610.000 0.278
3620.000 0.278
3630.000 0.272
3640.000 0.271
3650.000 0.271
3660.000 0.277
3670.000 0.277
3680.000 0.289
3690.000 0.307
3700.000 0.307
3710.000 0.337
3720.000 0.379
3730.000 0.379
3740.000 0.445
3750.000 0.552
3760.000 0.552
3770.000 0.741
3780.000 0.741
3790.000 1.108
3800.000 1.807
3810.000 1.807
3820.000 2.421
3830.000 1.052
3840.000 1.052
3850.000 0.641
3860.000 0.481
3870.000 0.481
3880.000 0.387
3890.000 0.329
3900.000 0.329
3910.000 0.291
3920.000 0.291
3930.000 0.265
3940.000 0.247
3950.000 0.247
3960.000 0.237
3970.000 0.232
3980.000 0.232
3990.000 0.231
4000.000 0.236
4010.000 0.236
4020.000 0.244
4030.000 0.244
4040.000 0.260
4050.000 0.284
4060.000 0.284
4070.000 0.321
4080.000 0.378
4090.000 0.378
4100.000 0.471
4110.000 0.632
4120.000 0.632
4130.000 0.945
4140.000 1.525
4150.000 1.525
4160.000 1.983
4170.000 1.983
4180.000 0.837
4190.000 0.510
4200.000 0.510
4210.000 0.378
4220.000 0.303
4230.000 0.303
4240.000 0.258
4250.000 0.229
4260.000 0.227
4270.000 0.207
4280.000 0.207
4290.000 0.195
4300.000 0.188
4310.000 0.188
4320.000 0.185
4330.000 0.185
4340.000 0.185
4350.000 0.190
4360.000 0.190
4370.000 0.197
4380.000 0.213
4390.000 0.213
4400.000 0.234
4410.000 0.267
4420.000 0.267
4430.000 0.317
4440.000 0.400
4450.000 0.400
4460.000 0.550
4470.000 0.835
4480.000 0.835
4490.000 1.355
4500.000 1.355
4510.000 1.673
4520.000 0.677
4530.000 0.677
4540.000 0.497
4550.000 0.415
4560.000 0.415
4570.000 0.346
4580.000 0.361
4590.000 0.361
4600.000 0.136
4610.000 0.136
4620.000 0.307
4630.000 0.282
4640.000 0.282
4650.000 0.206
4660.000 0.211
4670.000 0.211
4680.000 0.212
4690.000 0.217
4700.000 0.217
4710.000 0.204
4720.000 0.210
4730.000 0.210
4740.000 0.202
4750.000 0.202
4760.000 0.233
4770.000 0.277
4780.000 0.277
4790.000 0.364
4800.000 0.528
4810.000 0.528
4820.000 0.850
4830.000 1.440
4840.000 1.440
4850.000 1.848
4860.000 1.848
4870.000 0.893
4880.000 0.660
4890.000 0.660
4900.000 0.551
4910.000 0.492
4920.000 0.492
4930.000 0.461
4940.000 0.447
4950.000 0.447
4960.000 0.446
4970.000 0.453
4980.000 0.453
4990.000 0.469
5000.000 0.469
5010.000 0.497
5020.000 0.529
5030.000 0.529
5040.000 0.574
5050.000 0.631
5060.000 0.631
5070.000 0.705
5080.000 0.802
5090.000 0.802
5100.000 0.934
5110.000 0.934
5120.000 1.125
5130.000 1.418
5140.000 1.418
5150.000 1.913
5160.000 2.814
5170.000 2.814
5180.000 4.367
5190.000 5.400
5200.000 5.400
5210.000 2.661
5220.000 1.654
5230.000 1.654
5240.000 1.224
5250.000 1.224
5260.000 0.978
5270.000 0.822
5280.000 0.822
5290.000 0.719
5300.000 0.646
5310.000 0.646
5320.000 0.598
5330.000 0.565
5340.000 0.565
5350.000 0.545
5360.000 0.545
5370.000 0.538
5380.000 0.541
5390.000 0.541
5400.000 0.557
5410.000 0.587
5420.000 0.587
5430.000 0.637
5440.000 0.712
5450.000 0.712
5460.000 0.830
5470.000 1.022
5480.000 1.022
5490.000 1.358
5500.000 1.358
5510.000 1.992
5520.000 3.121
5530.000 3.121
5540.000 3.929
5550.000 1.845
5560.000 1.845
5570.000 1.149
5580.000 0.858
5590.000 0.858
5600.000 0.691
5610.000 0.587
5620.000 0.587
5630.000 0.518
5640.000 0.518
5650.000 0.472
5660.000 0.440
5670.000 0.440
5680.000 0.420
5690.000 0.409
5700.000 0.409
5710.000 0.407
5720.000 0.413
5730.000 0.413
5740.000 0.431
5750.000 0.431
5760.000 0.458
5770.000 0.501
5780.000 0.501
5790.000 0.566
5800.000 0.666
5810.000 0.666
5820.000 0.830
5830.000 0.830
5840.000 1.116
5850.000 1.650
5860.000 1.650
5870.000 2.567
5880.000 3.042
5890.000 3.042
5900.000 1.354
5910.000 0.903
5920.000 0.903
5930.000 0.686
5940.000 0.558
5950.000 0.558
5960.000 0.478
5970.000 0.478
5980.000 0.424
5990.000 0.389
6000.000 0.389
6010.000 0.364
6020.000 0.350
6030.000 0.350
6040.000 0.343
6050.000 0.344
6060.000 0.344
6070.000 0.353
6080.000 0.353
6090.000 0.368
6100.000 0.392
6110.000 0.392
6120.000 0.432
6130.000 0.490
6140.000 0.490
6150.000 0.577
6160.000 0.722
6170.000 0.722
6180.000 0.971
6190.000 1.440
6200.000 1.440
6210.000 2.234
6220.000 2.234
6230.000 2.644
6240.000 1.209
6250.000 1.209
6260.000 0.809
6270.000 0.616
6280.000 0.616
6290.000 0.503
6300.000 0.432
6310.000 0.432
6320.000 0.386
6330.000 0.386
6340.000 0.354
6350.000 0.334
6360.000 0.334
6370.000 0.322
6380.000 0.316
6390.000 0.316
6400.000 0.317
6410.000 0.324
6420.000 0.324
6430.000 0.340
6440.000 0.364
6450.000 0.364
6460.000 0.400
6470.000 0.400
6480.000 0.455
6490.000 0.538
6500.000 0.538
6510.000 0.671
6520.000 0.905
6530.000 0.905
6540.000 1.339
6550.000 2.070
6560.000 2.070
6570.000 2.456
6580.000 2.456
6590.000 1.152
6600.000 0.764
6610.000 0.764
6620.000 0.582
6630.000 0.476
6640.000 0.476
6650.000 0.409
6660.000 0.364
6670.000 0.364
6680.000 0.335
6690.000 0.316
6700.000 0.316
6710.000 0.304
6720.000 0.304
6730.000 0.299
6740.000 0.300
6750.000 0.300
6760.000 0.308
6770.000 0.323
6780.000 0.323
6790.000 0.347
6800.000 0.383
6810.000 0.383
6820.000 0.436
6830.000 0.436
6840.000 0.517
6850.000 0.649
6860.000 0.649
6870.000 0.875
6880.000 1.292
6890.000 1.292
6900.000 1.959
6910.000 2.213
6920.000 2.213
6930.000 1.064
6940.000 0.722
6950.000 0.722
6960.000 0.552
6970.000 0.552
6980.000 0.453
6990.000 0.391
7000.000 0.391
7010.000 0.350
7020.000 0.322
7030.000 0.322
7040.000 0.304
7050.000 0.293
7060.000 0.293
7070.000 0.286
7080.000 0.286
7090.000 0.290
7100.000 0.295
7110.000 0.295
7120.000 0.311
7130.000 0.334
7140.000 0.334
7150.000 0.366
7160.000 0.415
7170.000 0.415
7180.000 0.492
7190.000 0.613
7200.000 0.613
7210.000 0.819
7220.000 0.819
7230.000 1.262
7240.000 1.914
7250.000 1.914
7260.000 2.142
7270.000 1.014
7280.000 1.014
7290.000 0.694
7300.000 0.694
7310.000 0.532
7320.000 0.438
7330.000 0.438
7340.000 0.379
7350.000 0.339
7360.000 0.339
7370.000 0.312
7380.000 0.296
7390.000 0.296
7400.000 0.285
7410.000 0.285
7420.000 0.281
7430.000 0.283
7440.000 0.283
7450.000 0.291
7460.000 0.305
7470.000 0.305
7480.000 0.329
7490.000 0.363
7500.000 0.363
7510.000 0.414
7520.000 0.491
7530.000 0.491
7540.000 0.617
7550.000 0.617
7560.000 0.833
7570.000 1.225
7580.000 1.225
7590.000 1.839
7600.000 2.030
7610.000 2.030
7620.000 0.993
7630.000 0.678
7640.000 0.678
7650.000 0.521
7660.000 0.521
7670.000 0.429
7680.000 0.370
7690.000 0.370
7700.000 0.332
7710.000 0.306
7720.000 0.306
7730.000 0.289
7740.000 0.279
7750.000 0.279
7760.000 0.275
7770.000 0.278
7780.000 0.278
7790.000 0.285
7800.000 0.285
7810.000 0.298
7820.000 0.321
7830.000 0.321
7840.000 0.353
7850.000 0.404
7860.000 0.404
7870.000 0.480
7880.000 0.602
7890.000 0.602
7900.000 0.812
7910.000 0.812
7920.000 1.172
7930.000 1.602
7940.000 1.602
7950.000 1.639
7960.000 1.062
7970.000 1.062
7980.000 0.686
7990.000 0.515
8000.000 0.515
8010.000 0.426
8020.000 0.371
8030.000 0.371
8040.000 0.330
8050.000 0.330
8060.000 0.303
8070.000 0.287
8080.000 0.287
8090.000 0.278
8100.000 0.276
8110.000 0.276
8120.000 0.281
8130.000 0.282
8140.000 0.282
8150.000 0.292
8160.000 0.292
8170.000 0.314
8180.000 0.347
8190.000 0.347
8200.000 0.395
8210.000 0.466
8220.000 0.466
8230.000 0.577
8240.000 0.779
8250.000 0.779
8260.000 1.123
8270.000 1.649
8280.000 1.649
8290.000 1.811
8300.000 1.811
8310.000 1.064
8320.000 0.701
8330.000 0.701
8340.000 0.532
8350.000 0.432
8360.000 0.432
8370.000 0.371
8380.000 0.332
8390.000 0.332
8400.000 0.304
8410.000 0.304
8420.000 0.284
8430.000 0.274
8440.000 0.274
8450.000 0.269
8460.000 0.271
8470.000 0.271
8480.000 0.278
8490.000 0.291
8500.000 0.291
8510.000 0.313
8520.000 0.340
8530.000 0.340
8540.000 0.383
8550.000 0.383
8560.000 0.455
8570.000 0.568
8580.000 0.568
8590.000 0.762
8600.000 1.092
8610.000 1.092
8620.000 1.526
8630.000 1.426
8640.000 1.426
8650.000 0.812
8660.000 0.812
8670.000 0.775
8680.000 0.536
8690.000 0.536
8700.000 0.431
8710.000 0.360
8720.000 0.360
8730.000 0.321
8740.000 0.321
8750.000 0.295
8760.000 0.278
8770.000 0.278
8780.000 0.267
8790.000 0.263
8800.000 0.263
8810.000 0.261
8820.000 0.262
8830.000 0.262
8840.000 0.281
8850.000 0.301
8860.000 0.301
8870.000 0.333
8880.000 0.333
8890.000 0.379
8900.000 0.449
8910.000 0.449
8920.000 0.561
8930.000 0.745
8940.000 0.745
8950.000 1.040
8960.000 1.462
8970.000 1.462
8980.000 1.688
8990.000 1.688
9000.000 0.967
9010.000 0.636
9020.000 0.636
9030.000 0.485
9040.000 0.395
9050.000 0.395
9060.000 0.339
9070.000 0.304
9080.000 0.304
9090.000 0.280
9100.000 0.264
9110.000 0.264
9120.000 0.252
9130.000 0.252
9140.000 0.249
9150.000 0.250
9160.000 0.250
9170.000 0.255
9180.000 0.268
9190.000 0.268
9200.000 0.287
9210.000 0.315
9220.000 0.315
9230.000 0.356
9240.000 0.356
9250.000 0.421
9260.000 0.523
9270.000 0.523
9280.000 0.695
9290.000 0.994
9300.000 0.994
9310.000 1.433
9320.000 1.598
9330.000 1.598
9340.000 0.906
9350.000 0.600
9360.000 0.600
9370.000 0.458
9380.000 0.458
9390.000 0.374
9400.000 0.321
9410.000 0.321
9420.000 0.287
9430.000 0.264
9440.000 0.264
9450.000 0.248
9460.000 0.239
9470.000 0.239
9480.000 0.240
9490.000 0.240
9500.000 0.240
9510.000 0.246
9520.000 0.246
9530.000 0.255
9540.000 0.272
9550.000 0.272
9560.000 0.299
9570.000 0.340
9580.000 0.340
9590.000 0.399
9600.000 0.494
9610.000 0.494
9620.000 0.655
9630.000 0.655
9640.000 0.920
9650.000 1.247
9660.000 1.247
9670.000 1.224
9680.000 0.878
9690.000 0.878
9700.000 0.579
9710.000 0.434
9720.000 0.434
9730.000 0.351
9740.000 0.351
9750.000 0.301
9760.000 0.268
9770.000 0.268
9780.000 0.248
9790.000 0.233
9800.000 0.233
9810.000 0.226
9820.000 0.222
9830.000 0.222
9840.000 0.224
9850.000 0.232
9860.000 0.232
9870.000 0.243
9880.000 0.243
9890.000 0.253
9900.000 0.274
9910.000 0.274
9920.000 0.308
9930.000 0.360
9940.000 0.360
9950.000 0.445
9960.000 0.583
9970.000 0.583
9980.000 0.819
9990.000 0.819
10000.000 1.171
10010.000 1.333
10020.000 1.333
10030.000 0.803
10040.000 0.522
10050.000 0.522
10060.000 0.396
10070.000 0.325
10080.000 0.325
10090.000 0.283
10100.000 0.251
10110.000 0.251
10120.000 0.228
10130.000 0.228
10140.000 0.214
10150.000 0.204
10160.000 0.204
10170.000 0.200
10180.000 0.199
10190.000 0.199
10200.000 0.203
10210.000 0.203
10220.000 0.210
10230.000 0.224
10240.000 0.224
10250.000 0.245
10260.000 0.277
10270.000 0.277
10280.000 0.327
10290.000 0.410
10300.000 0.410
10310.000 0.557
10320.000 0.557
10330.000 0.811
10340.000 1.141
10350.000 1.141
10360.000 1.156
10370.000 0.691
10380.000 0.691
10390.000 0.492
10400.000 0.388
10410.000 0.388
10420.000 0.323
10430.000 0.280
10440.000 0.280
10450.000 0.249
10460.000 0.249
10470.000 0.229
10480.000 0.214
10490.000 0.214
10500.000 0.205
10510.000 0.201
10520.000 0.201
10530.000 0.200
10540.000 0.205
10550.000 0.205
10560.000 0.214
10570.000 0.214
10580.000 0.229
10590.000 0.250
10600.000 0.250
10610.000 0.283
10620.000 0.331
10630.000 0.331
10640.000 0.411
10650.000 0.540
10660.000 0.540
10670.000 0.757
10680.000 1.055
10690.000 1.055
10700.000 1.122
10710.000 1.121
10720.000 0.667
10730.000 0.451
10740.000 0.451
10750.000 0.357
10760.000 0.297
10770.000 0.297
10780.000 0.254
10790.000 0.226
10800.000 0.226
10810.000 0.206
10820.000 0.193
10830.000 0.193
10840.000 0.187
10850.000 0.187
10860.000 0.184
10870.000 0.183
10880.000 0.183
10890.000 0.188
10900.000 0.197
10910.000 0.197
10920.000 0.210
10930.000 0.230
10940.000 0.230
10950.000 0.259
10960.000 0.259
10970.000 0.304
10980.000 0.374
10990.000 0.374
11000.000 0.487
11010.000 0.678
11020.000 0.678
11030.000 0.943
11040.000 1.017
11050.000 1.017
11060.000 0.627
11070.000 0.419
11080.000 0.419
11090.000 0.321
11100.000 0.321
11110.000 0.265
11120.000 0.227
11130.000 0.227
11140.000 0.203
11150.000 0.186
11160.000 0.186
11170.000 0.174
11180.000 0.168
11190.000 0.168
11200.000 0.165
11210.000 0.165
11220.000 0.168
11230.000 0.174
11240.000 0.174
11250.000 0.179
11260.000 0.191
11270.000 0.191
11280.000 0.209
11290.000 0.238
11300.000 0.238
11310.000 0.279
11320.000 0.343
11330.000 0.343
11340.000 0.451
11350.000 0.451
11360.000 0.626
11370.000 0.864
11380.000 0.864
11390.000 0.923
11400.000 0.585
11410.000 0.585
11420.000 0.397
11430.000 0.304
11440.000 0.304
11450.000 0.251
11460.000 0.251
11470.000 0.216
11480.000 0.192
11490.000 0.192
11500.000 0.177
11510.000 0.167
11520.000 0.167
11530.000 0.161
11540.000 0.159
11550.000 0.159
11560.000 0.158
11570.000 0.162
11580.000 0.162
11590.000 0.169
11600.000 0.169
11610.000 0.182
11620.000 0.199
11630.000 0.199
11640.000 0.225
11650.000 0.264
11660.000 0.264
11670.000 0.324
11680.000 0.421
11690.000 0.435
11700.000 0.593
11710.000 0.593
11720.000 0.769
11730.000 0.785
11740.000 0.785
11750.000 0.520
11760.000 0.359
11770.000 0.359
11780.000 0.277
11790.000 0.277
11800.000 0.230
11810.000 0.200
11820.000 0.200
11830.000 0.178
11840.000 0.165
11850.000 0.165
11860.000 0.156
11870.000 0.151
11880.000 0.151
11890.000 0.150
11900.000 0.151
11910.000 0.151
11920.000 0.156
11930.000 0.156
11940.000 0.162
11950.000 0.177
11960.000 0.177
11970.000 0.194
11980.000 0.216
11990.000 0.216
12000.000 0.257
